1000 3
50 50 1 50
49 49 2 49
48 48 3 48
47 47 4 47
46 46 5 46
45 45 6 45
44 44 7 44
43 43 8 43
42 42 9 42
41 41 10 41
40 40 11 40
39 39 12 39
38 38 13 38
37 37 14 37
36 36 15 36
35 35 16 35
34 34 17 34
33 33 18 33
32 32 19 32
31 31 20 31
30 30 21 30
29 29 22 29
28 28 23 28
27 27 24 27
26 26 25 26
25 25 26 25
24 24 27 24
23 23 28 23
22 22 29 22
21 21 30 21
20 20 31 20
19 19 32 19
18 18 33 18
17 17 34 17
16 16 35 16
15 15 36 15
14 14 37 14
13 13 38 13
12 12 39 12
11 11 40 11
10 10 41 10
9 9 42 9
8 8 43 8
7 7 44 7
6 6 45 6
5 5 46 5
4 4 47 4
3 3 48 3
2 2 49 2
1 1 50 1
2 2 49 2
3 3 48 3
4 4 47 4
5 5 46 5
6 6 45 6
7 7 44 7
8 8 43 8
9 9 42 9
10 10 41 10
11 11 40 11
12 12 39 12
13 13 38 13
14 14 37 14
15 15 36 15
16 16 35 16
17 17 34 17
18 18 33 18
19 19 32 19
20 20 31 20
21 21 30 21
22 22 29 22
23 23 28 23
24 24 27 24
25 25 26 25
26 26 25 26
27 27 24 27
28 28 23 28
29 29 22 29
30 30 21 30
31 31 20 31
32 32 19 32
33 33 18 33
34 34 17 34
35 35 16 35
36 36 15 36
37 37 14 37
38 38 13 38
39 39 12 39
40 40 11 40
41 41 10 41
42 42 9 42
43 43 8 43
44 44 7 44
45 45 6 45
46 46 5 46
47 47 4 47
48 48 3 48
49 49 2 49
50 50 1 50
50 50 1 50
49 49 2 49
48 48 3 48
47 47 4 47
46 46 5 46
45 45 6 45
44 44 7 44
43 43 8 43
42 42 9 42
41 41 10 41
40 40 11 40
39 39 12 39
38 38 13 38
37 37 14 37
36 36 15 36
35 35 16 35
34 34 17 34
33 33 18 33
32 32 19 32
31 31 20 31
30 30 21 30
29 29 22 29
28 28 23 28
27 27 24 27
26 26 25 26
25 25 26 25
24 24 27 24
23 23 28 23
22 22 29 22
21 21 30 21
20 20 31 20
19 19 32 19
18 18 33 18
17 17 34 17
16 16 35 16
15 15 36 15
14 14 37 14
13 13 38 13
12 12 39 12
11 11 40 11
10 10 41 10
9 9 42 9
8 8 43 8
7 7 44 7
6 6 45 6
5 5 46 5
4 4 47 4
3 3 48 3
2 2 49 2
1 1 50 1
2 2 49 2
3 3 48 3
4 4 47 4
5 5 46 5
6 6 45 6
7 7 44 7
8 8 43 8
9 9 42 9
10 10 41 10
11 11 40 11
12 12 39 12
13 13 38 13
14 14 37 14
15 15 36 15
16 16 35 16
17 17 34 17
18 18 33 18
19 19 32 19
20 20 31 20
21 21 30 21
22 22 29 22
23 23 28 23
24 24 27 24
25 25 26 25
26 26 25 26
27 27 24 27
28 28 23 28
29 29 22 29
30 30 21 30
31 31 20 31
32 32 19 32
33 33 18 33
34 34 17 34
35 35 16 35
36 36 15 36
37 37 14 37
38 38 13 38
39 39 12 39
40 40 11 40
41 41 10 41
42 42 9 42
43 43 8 43
44 44 7 44
45 45 6 45
46 46 5 46
47 47 4 47
48 48 3 48
49 49 2 49
50 50 1 50
50 50 1 50
49 49 2 49
48 48 3 48
47 47 4 47
46 46 5 46
45 45 6 45
44 44 7 44
43 43 8 43
42 42 9 42
41 41 10 41
40 40 11 40
39 39 12 39
38 38 13 38
37 37 14 37
36 36 15 36
35 35 16 35
34 34 17 34
33 33 18 33
32 32 19 32
31 31 20 31
30 30 21 30
29 29 22 29
28 28 23 28
27 27 24 27
26 26 25 26
25 25 26 25
24 24 27 24
23 23 28 23
22 22 29 22
21 21 30 21
20 20 31 20
19 19 32 19
18 18 33 18
17 17 34 17
16 16 35 16
15 15 36 15
14 14 37 14
13 13 38 13
12 12 39 12
11 11 40 11
10 10 41 10
9 9 42 9
8 8 43 8
7 7 44 7
6 6 45 6
5 5 46 5
4 4 47 4
3 3 48 3
2 2 49 2
1 1 50 1
2 2 49 2
3 3 48 3
4 4 47 4
5 5 46 5
6 6 45 6
7 7 44 7
8 8 43 8
9 9 42 9
10 10 41 10
11 11 40 11
12 12 39 12
13 13 38 13
14 14 37 14
15 15 36 15
16 16 35 16
17 17 34 17
18 18 33 18
19 19 32 19
20 20 31 20
21 21 30 21
22 22 29 22
23 23 28 23
24 24 27 24
25 25 26 25
26 26 25 26
27 27 24 27
28 28 23 28
29 29 22 29
30 30 21 30
31 31 20 31
32 32 19 32
33 33 18 33
34 34 17 34
35 35 16 35
36 36 15 36
37 37 14 37
38 38 13 38
39 39 12 39
40 40 11 40
41 41 10 41
42 42 9 42
43 43 8 43
44 44 7 44
45 45 6 45
46 46 5 46
47 47 4 47
48 48 3 48
49 49 2 49
50 50 1 50
50 50 1 50
49 49 2 49
48 48 3 48
47 47 4 47
46 46 5 46
45 45 6 45
44 44 7 44
43 43 8 43
42 42 9 42
41 41 10 41
40 40 11 40
39 39 12 39
38 38 13 38
37 37 14 37
36 36 15 36
35 35 16 35
34 34 17 34
33 33 18 33
32 32 19 32
31 31 20 31
30 30 21 30
29 29 22 29
28 28 23 28
27 27 24 27
26 26 25 26
25 25 26 25
24 24 27 24
23 23 28 23
22 22 29 22
21 21 30 21
20 20 31 20
19 19 32 19
18 18 33 18
17 17 34 17
16 16 35 16
15 15 36 15
14 14 37 14
13 13 38 13
12 12 39 12
11 11 40 11
10 10 41 10
9 9 42 9
8 8 43 8
7 7 44 7
6 6 45 6
5 5 46 5
4 4 47 4
3 3 48 3
2 2 49 2
1 1 50 1
2 2 49 2
3 3 48 3
4 4 47 4
5 5 46 5
6 6 45 6
7 7 44 7
8 8 43 8
9 9 42 9
10 10 41 10
11 11 40 11
12 12 39 12
13 13 38 13
14 14 37 14
15 15 36 15
16 16 35 16
17 17 34 17
18 18 33 18
19 19 32 19
20 20 31 20
21 21 30 21
22 22 29 22
23 23 28 23
24 24 27 24
25 25 26 25
26 26 25 26
27 27 24 27
28 28 23 28
29 29 22 29
30 30 21 30
31 31 20 31
32 32 19 32
33 33 18 33
34 34 17 34
35 35 16 35
36 36 15 36
37 37 14 37
38 38 13 38
39 39 12 39
40 40 11 40
41 41 10 41
42 42 9 42
43 43 8 43
44 44 7 44
45 45 6 45
46 46 5 46
47 47 4 47
48 48 3 48
49 49 2 49
50 50 1 50
50 50 1 50
49 49 2 49
48 48 3 48
47 47 4 47
46 46 5 46
45 45 6 45
44 44 7 44
43 43 8 43
42 42 9 42
41 41 10 41
40 40 11 40
39 39 12 39
38 38 13 38
37 37 14 37
36 36 15 36
35 35 16 35
34 34 17 34
33 33 18 33
32 32 19 32
31 31 20 31
30 30 21 30
29 29 22 29
28 28 23 28
27 27 24 27
26 26 25 26
25 25 26 25
24 24 27 24
23 23 28 23
22 22 29 22
21 21 30 21
20 20 31 20
19 19 32 19
18 18 33 18
17 17 34 17
16 16 35 16
15 15 36 15
14 14 37 14
13 13 38 13
12 12 39 12
11 11 40 11
10 10 41 10
9 9 42 9
8 8 43 8
7 7 44 7
6 6 45 6
5 5 46 5
4 4 47 4
3 3 48 3
2 2 49 2
1 1 50 1
2 2 49 2
3 3 48 3
4 4 47 4
5 5 46 5
6 6 45 6
7 7 44 7
8 8 43 8
9 9 42 9
10 10 41 10
11 11 40 11
12 12 39 12
13 13 38 13
14 14 37 14
15 15 36 15
16 16 35 16
17 17 34 17
18 18 33 18
19 19 32 19
20 20 31 20
21 21 30 21
22 22 29 22
23 23 28 23
24 24 27 24
25 25 26 25
26 26 25 26
27 27 24 27
28 28 23 28
29 29 22 29
30 30 21 30
31 31 20 31
32 32 19 32
33 33 18 33
34 34 17 34
35 35 16 35
36 36 15 36
37 37 14 37
38 38 13 38
39 39 12 39
40 40 11 40
41 41 10 41
42 42 9 42
43 43 8 43
44 44 7 44
45 45 6 45
46 46 5 46
47 47 4 47
48 48 3 48
49 49 2 49
50 50 1 50
50 50 1 50
49 49 2 49
48 48 3 48
47 47 4 47
46 46 5 46
45 45 6 45
44 44 7 44
43 43 8 43
42 42 9 42
41 41 10 41
40 40 11 40
39 39 12 39
38 38 13 38
37 37 14 37
36 36 15 36
35 35 16 35
34 34 17 34
33 33 18 33
32 32 19 32
31 31 20 31
30 30 21 30
29 29 22 29
28 28 23 28
27 27 24 27
26 26 25 26
25 25 26 25
24 24 27 24
23 23 28 23
22 22 29 22
21 21 30 21
20 20 31 20
19 19 32 19
18 18 33 18
17 17 34 17
16 16 35 16
15 15 36 15
14 14 37 14
13 13 38 13
12 12 39 12
11 11 40 11
10 10 41 10
9 9 42 9
8 8 43 8
7 7 44 7
6 6 45 6
5 5 46 5
4 4 47 4
3 3 48 3
2 2 49 2
1 1 50 1
2 2 49 2
3 3 48 3
4 4 47 4
5 5 46 5
6 6 45 6
7 7 44 7
8 8 43 8
9 9 42 9
10 10 41 10
11 11 40 11
12 12 39 12
13 13 38 13
14 14 37 14
15 15 36 15
16 16 35 16
17 17 34 17
18 18 33 18
19 19 32 19
20 20 31 20
21 21 30 21
22 22 29 22
23 23 28 23
24 24 27 24
25 25 26 25
26 26 25 26
27 27 24 27
28 28 23 28
29 29 22 29
30 30 21 30
31 31 20 31
32 32 19 32
33 33 18 33
34 34 17 34
35 35 16 35
36 36 15 36
37 37 14 37
38 38 13 38
39 39 12 39
40 40 11 40
41 41 10 41
42 42 9 42
43 43 8 43
44 44 7 44
45 45 6 45
46 46 5 46
47 47 4 47
48 48 3 48
49 49 2 49
50 50 1 50
50 50 1 50
49 49 2 49
48 48 3 48
47 47 4 47
46 46 5 46
45 45 6 45
44 44 7 44
43 43 8 43
42 42 9 42
41 41 10 41
40 40 11 40
39 39 12 39
38 38 13 38
37 37 14 37
36 36 15 36
35 35 16 35
34 34 17 34
33 33 18 33
32 32 19 32
31 31 20 31
30 30 21 30
29 29 22 29
28 28 23 28
27 27 24 27
26 26 25 26
25 25 26 25
24 24 27 24
23 23 28 23
22 22 29 22
21 21 30 21
20 20 31 20
19 19 32 19
18 18 33 18
17 17 34 17
16 16 35 16
15 15 36 15
14 14 37 14
13 13 38 13
12 12 39 12
11 11 40 11
10 10 41 10
9 9 42 9
8 8 43 8
7 7 44 7
6 6 45 6
5 5 46 5
4 4 47 4
3 3 48 3
2 2 49 2
1 1 50 1
2 2 49 2
3 3 48 3
4 4 47 4
5 5 46 5
6 6 45 6
7 7 44 7
8 8 43 8
9 9 42 9
10 10 41 10
11 11 40 11
12 12 39 12
13 13 38 13
14 14 37 14
15 15 36 15
16 16 35 16
17 17 34 17
18 18 33 18
19 19 32 19
20 20 31 20
21 21 30 21
22 22 29 22
23 23 28 23
24 24 27 24
25 25 26 25
26 26 25 26
27 27 24 27
28 28 23 28
29 29 22 29
30 30 21 30
31 31 20 31
32 32 19 32
33 33 18 33
34 34 17 34
35 35 16 35
36 36 15 36
37 37 14 37
38 38 13 38
39 39 12 39
40 40 11 40
41 41 10 41
42 42 9 42
43 43 8 43
44 44 7 44
45 45 6 45
46 46 5 46
47 47 4 47
48 48 3 48
49 49 2 49
50 50 1 50
50 50 1 50
49 49 2 49
48 48 3 48
47 47 4 47
46 46 5 46
45 45 6 45
44 44 7 44
43 43 8 43
42 42 9 42
41 41 10 41
40 40 11 40
39 39 12 39
38 38 13 38
37 37 14 37
36 36 15 36
35 35 16 35
34 34 17 34
33 33 18 33
32 32 19 32
31 31 20 31
30 30 21 30
29 29 22 29
28 28 23 28
27 27 24 27
26 26 25 26
25 25 26 25
24 24 27 24
23 23 28 23
22 22 29 22
21 21 30 21
20 20 31 20
19 19 32 19
18 18 33 18
17 17 34 17
16 16 35 16
15 15 36 15
14 14 37 14
13 13 38 13
12 12 39 12
11 11 40 11
10 10 41 10
9 9 42 9
8 8 43 8
7 7 44 7
6 6 45 6
5 5 46 5
4 4 47 4
3 3 48 3
2 2 49 2
1 1 50 1
2 2 49 2
3 3 48 3
4 4 47 4
5 5 46 5
6 6 45 6
7 7 44 7
8 8 43 8
9 9 42 9
10 10 41 10
11 11 40 11
12 12 39 12
13 13 38 13
14 14 37 14
15 15 36 15
16 16 35 16
17 17 34 17
18 18 33 18
19 19 32 19
20 20 31 20
21 21 30 21
22 22 29 22
23 23 28 23
24 24 27 24
25 25 26 25
26 26 25 26
27 27 24 27
28 28 23 28
29 29 22 29
30 30 21 30
31 31 20 31
32 32 19 32
33 33 18 33
34 34 17 34
35 35 16 35
36 36 15 36
37 37 14 37
38 38 13 38
39 39 12 39
40 40 11 40
41 41 10 41
42 42 9 42
43 43 8 43
44 44 7 44
45 45 6 45
46 46 5 46
47 47 4 47
48 48 3 48
49 49 2 49
50 50 1 50
50 50 1 50
49 49 2 49
48 48 3 48
47 47 4 47
46 46 5 46
45 45 6 45
44 44 7 44
43 43 8 43
42 42 9 42
41 41 10 41
40 40 11 40
39 39 12 39
38 38 13 38
37 37 14 37
36 36 15 36
35 35 16 35
34 34 17 34
33 33 18 33
32 32 19 32
31 31 20 31
30 30 21 30
29 29 22 29
28 28 23 28
27 27 24 27
26 26 25 26
25 25 26 25
24 24 27 24
23 23 28 23
22 22 29 22
21 21 30 21
20 20 31 20
19 19 32 19
18 18 33 18
17 17 34 17
16 16 35 16
15 15 36 15
14 14 37 14
13 13 38 13
12 12 39 12
11 11 40 11
10 10 41 10
9 9 42 9
8 8 43 8
7 7 44 7
6 6 45 6
5 5 46 5
4 4 47 4
3 3 48 3
2 2 49 2
1 1 50 1
2 2 49 2
3 3 48 3
4 4 47 4
5 5 46 5
6 6 45 6
7 7 44 7
8 8 43 8
9 9 42 9
10 10 41 10
11 11 40 11
12 12 39 12
13 13 38 13
14 14 37 14
15 15 36 15
16 16 35 16
17 17 34 17
18 18 33 18
19 19 32 19
20 20 31 20
21 21 30 21
22 22 29 22
23 23 28 23
24 24 27 24
25 25 26 25
26 26 25 26
27 27 24 27
28 28 23 28
29 29 22 29
30 30 21 30
31 31 20 31
32 32 19 32
33 33 18 33
34 34 17 34
35 35 16 35
36 36 15 36
37 37 14 37
38 38 13 38
39 39 12 39
40 40 11 40
41 41 10 41
42 42 9 42
43 43 8 43
44 44 7 44
45 45 6 45
46 46 5 46
47 47 4 47
48 48 3 48
49 49 2 49
50 50 1 50
50 50 1 50
49 49 2 49
48 48 3 48
47 47 4 47
46 46 5 46
45 45 6 45
44 44 7 44
43 43 8 43
42 42 9 42
41 41 10 41
40 40 11 40
39 39 12 39
38 38 13 38
37 37 14 37
36 36 15 36
35 35 16 35
34 34 17 34
33 33 18 33
32 32 19 32
31 31 20 31
30 30 21 30
29 29 22 29
28 28 23 28
27 27 24 27
26 26 25 26
25 25 26 25
24 24 27 24
23 23 28 23
22 22 29 22
21 21 30 21
20 20 31 20
19 19 32 19
18 18 33 18
17 17 34 17
16 16 35 16
15 15 36 15
14 14 37 14
13 13 38 13
12 12 39 12
11 11 40 11
10 10 41 10
9 9 42 9
8 8 43 8
7 7 44 7
6 6 45 6
5 5 46 5
4 4 47 4
3 3 48 3
2 2 49 2
1 1 50 1
2 2 49 2
3 3 48 3
4 4 47 4
5 5 46 5
6 6 45 6
7 7 44 7
8 8 43 8
9 9 42 9
10 10 41 10
11 11 40 11
12 12 39 12
13 13 38 13
14 14 37 14
15 15 36 15
16 16 35 16
17 17 34 17
18 18 33 18
19 19 32 19
20 20 31 20
21 21 30 21
22 22 29 22
23 23 28 23
24 24 27 24
25 25 26 25
26 26 25 26
27 27 24 27
28 28 23 28
29 29 22 29
30 30 21 30
31 31 20 31
32 32 19 32
33 33 18 33
34 34 17 34
35 35 16 35
36 36 15 36
37 37 14 37
38 38 13 38
39 39 12 39
40 40 11 40
41 41 10 41
42 42 9 42
43 43 8 43
44 44 7 44
45 45 6 45
46 46 5 46
47 47 4 47
48 48 3 48
49 49 2 49
50 50 1 50
0 50 1 50
0 49 2 49
0 48 3 48
0 47 4 47
0 46 5 46
0 45 6 45
0 44 7 44
0 43 8 43
0 42 9 42
0 41 10 41
