139 3
31 10 4 13
45 26 22 42
47 17 32 19
2 28 6 14
1 37 21 26
18 16 20 28
22 29 21 44
47 18 8 44
23 3 19 14
46 38 7 39
46 17 2 17
21 8 26 30
18 35 18 24
9 32 4 7
24 29 21 1
29 41 16 9
20 10 14 32
10 19 23 15
41 50 45 43
13 40 4 39
29 18 43 44
29 30 31 24
27 28 5 15
22 4 21 7
42 25 35 46
44 32 22 10
12 5 18 32
31 30 21 30
34 6 32 39
17 47 35 42
7 46 37 9
26 6 48 10
24 7 28 47
35 14 10 1
35 44 40 8
6 6 42 22
7 44 38 36
41 24 27 44
25 5 27 42
28 20 48 50
27 29 26 40
34 39 9 30
38 31 25 7
21 18 41 10
16 43 3 7
0 11 47 43
2 1 21 22
2 11 27 29
39 2 28 36
36 26 8 44
25 4 2 9
15 33 32 42
24 21 9 19
39 9 37 37
8 36 10 49
9 38 16 47
12 2 14 32
35 30 24 31
40 28 34 1
26 16 46 25
17 40 2 50
33 21 7 33
49 16 28 17
8 34 30 37
0 36 24 17
7 48 48 48
5 46 23 26
28 24 27 44
32 29 32 25
34 2 4 32
20 49 15 7
1 23 5 46
11 45 31 8
14 10 30 48
4 11 41 18
48 31 45 24
11 15 3 19
41 29 35 36
29 39 19 16
0 20 31 10
12 13 12 20
4 17 11 26
40 50 38 20
47 50 12 30
25 44 6 23
38 23 15 1
50 35 40 11
29 40 9 19
24 10 22 22
16 1 10 13
16 14 41 1
3 42 3 30
18 15 34 49
41 8 48 5
38 10 13 12
1 28 11 11
28 21 4 29
39 33 23 46
18 38 9 35
39 34 4 16
7 29 32 15
32 21 8 43
19 10 18 41
26 17 8 2
0 24 33 12
3 21 11 3
2 2 17 16
1 47 19 31
46 47 39 42
31 22 38 6
12 12 23 46
47 6 24 10
23 13 30 25
0 23 40 38
5 16 15 7
15 6 47 20
33 24 6 8
37 39 24 16
0 19 50 41
19 8 11 46
26 14 30 9
49 13 6 28
4 25 10 37
15 20 17 39
32 47 37 31
24 8 7 43
23 30 31 43
25 14 38 22
9 41 18 21
40 13 39 3
42 26 18 21
6 41 9 14
23 31 41 21
36 3 4 46
29 9 30 32
32 49 14 18
16 40 10 19
7 21 15 22
20 13 49 8
