1000 3
 14 10 5 30
 7 32 1 38
 33 45 24 18
 17 24 10 39
 32 25 11 36
 13 6 16 48
 42 45 8 5
 17 17 18 12
 18 32 33 27
 11 23 19 43
 19 17 23 32
 10 8 33 27
 32 37 41 18
 49 12 1 14
 9 20 22 16
 37 14 17 48
 8 14 28 37
 16 10 29 34
 17 43 39 6
 50 9 26 46
 19 15 29 10
 35 26 34 38
 43 27 13 36
 0 36 7 28
 23 29 37 7
 15 35 44 30
 46 48 10 18
 22 17 18 14
 47 13 10 6
 16 46 49 38
 10 4 36 2
 32 5 11 21
 44 42 14 8
 19 42 49 41
 39 12 33 37
 15 15 15 33
 2 25 26 35
 17 48 47 14
 32 1 23 17
 11 50 36 25
 33 36 20 28
 24 50 29 29
 21 20 33 10
 5 46 20 39
 46 5 38 2
 44 29 22 44
 5 29 12 12
 18 28 43 3
 27 27 26 42
 22 23 49 48
 16 44 39 36
 7 23 29 33
 28 6 21 31
 17 33 46 15
 25 37 34 11
 28 32 38 34
 10 45 15 19
 21 38 21 46
 2 1 11 25
 40 23 41 4
 30 4 41 33
 49 38 13 49
 10 36 38 40
 37 43 46 39
 5 1 3 18
 17 26 45 48
 8 29 18 42
 5 32 11 24
 16 46 45 36
 33 27 1 31
 10 34 23 44
 48 12 24 16
 11 36 32 42
 7 14 3 42
 33 8 49 42
 1 39 36 15
 0 3 27 48
 50 33 9 29
 48 27 21 29
 5 37 43 46
 17 17 23 6
 44 23 34 9
 3 1 2 6
 15 6 37 4
 11 44 24 14
 5 40 40 31
 3 45 31 38
 28 7 4 8
 29 1 15 2
 8 46 50 26
 37 15 7 5
 28 27 41 50
 2 34 27 15
 34 37 23 40
 28 3 31 9
 15 41 25 35
 33 19 36 18
 22 42 44 9
 17 31 46 31
 10 40 14 29
 10 6 21 41
 30 13 39 25
 28 26 39 47
 40 20 30 34
 5 5 32 21
 15 21 48 41
 16 10 1 26
 27 49 6 11
 21 4 6 27
 28 10 5 26
 19 39 22 28
 23 6 37 41
 46 24 42 35
 12 37 48 47
 38 17 47 37
 0 29 19 18
 35 3 19 31
 29 38 8 45
 29 31 44 27
 5 37 15 17
 32 17 23 27
 21 14 14 20
 1 4 34 29
 5 18 13 7
 11 25 15 4
 36 3 33 17
 14 38 9 39
 39 36 1 33
 0 39 29 44
 28 40 46 42
 6 48 42 3
 28 1 49 34
 14 25 17 21
 24 38 6 2
 49 41 27 28
 49 44 8 36
 9 17 22 36
 25 19 48 41
 49 14 42 18
 41 16 27 39
 2 8 25 44
 38 26 1 16
 20 8 8 20
 11 11 46 1
 43 20 21 1
 10 47 49 26
 23 43 8 33
 32 50 24 9
 50 7 23 44
 25 2 6 6
 7 29 23 35
 46 34 11 35
 37 18 40 35
 44 13 43 3
 50 7 19 9
 43 26 25 37
 31 38 15 40
 26 24 28 33
 14 25 27 17
 25 48 26 13
 24 43 19 8
 9 9 21 45
 48 46 16 34
 22 12 30 37
 3 36 6 39
 48 22 13 27
 4 42 25 33
 9 29 21 21
 15 34 19 14
 40 13 21 9
 8 48 39 36
 25 26 2 14
 23 33 16 38
 33 37 16 1
 18 34 13 15
 29 15 25 31
 19 48 10 43
 26 44 27 28
 20 50 30 43
 10 35 5 34
 13 5 20 10
 6 16 20 19
 29 18 21 14
 16 12 2 7
 24 43 7 19
 17 17 4 6
 34 36 26 11
 50 11 48 23
 37 8 12 27
 16 49 26 25
 14 45 35 4
 18 44 22 25
 43 41 43 33
 48 2 37 41
 25 31 34 23
 40 8 30 11
 35 4 10 12
 4 28 41 36
 40 22 49 48
 30 25 33 2
 28 36 3 25
 40 31 7 48
 39 48 37 25
 7 16 2 12
 27 39 9 42
 21 15 39 36
 50 27 5 13
 41 26 50 35
 0 10 50 39
 49 28 1 45
 0 49 8 8
 16 17 40 28
 28 31 14 42
 39 28 50 50
 14 6 10 42
 28 43 16 18
 49 29 46 11
 26 45 17 2
 11 3 50 43
 50 16 20 25
 4 9 7 28
 28 2 37 28
 7 28 20 6
 31 6 43 23
 0 40 42 39
 1 7 7 34
 12 25 4 6
 40 39 21 9
 20 32 28 3
 49 42 28 16
 48 31 35 7
 34 11 28 9
 20 24 14 17
 49 16 32 5
 30 1 1 24
 39 44 1 15
 15 9 23 30
 28 31 35 5
 45 42 32 4
 30 48 29 11
 34 10 20 9
 18 9 14 31
 35 1 42 17
 40 6 13 48
 29 40 46 7
 34 15 26 39
 28 8 20 10
 35 11 1 49
 42 49 20 44
 11 7 35 27
 20 48 23 47
 0 29 32 48
 37 11 5 50
 32 6 13 35
 10 45 7 23
 33 24 28 20
 20 36 8 8
 1 47 49 27
 32 7 9 40
 7 27 22 1
 41 50 14 29
 29 3 42 1
 24 27 17 20
 13 15 13 6
 41 36 11 11
 21 19 24 45
 50 7 18 15
 37 5 44 16
 15 17 48 47
 24 32 42 29
 33 27 19 37
 31 4 40 36
 30 8 17 8
 14 45 13 17
 45 15 45 42
 49 4 15 32
 1 4 5 38
 2 27 45 46
 2 41 28 7
 9 30 26 12
 4 12 9 35
 34 24 17 35
 35 43 6 47
 49 1 50 21
 35 30 24 28
 21 25 9 21
 30 26 21 39
 3 16 13 8
 29 21 45 33
 25 16 15 44
 12 3 46 40
 32 20 36 24
 12 4 38 20
 6 46 28 11
 10 39 26 23
 38 10 41 16
 2 47 9 25
 3 28 45 8
 15 31 26 11
 7 28 12 8
 49 29 50 25
 27 8 49 42
 14 49 34 3
 44 40 14 35
 35 25 46 13
 4 12 18 19
 40 40 31 13
 0 5 36 47
 8 46 34 34
 14 37 24 18
 12 1 38 16
 35 42 34 6
 1 13 4 32
 40 47 38 34
 32 43 12 3
 41 13 43 26
 24 16 4 21
 49 31 43 35
 13 31 37 11
 45 26 11 20
 3 32 34 12
 27 17 47 35
 27 20 21 2
 11 31 46 27
 49 50 20 49
 6 21 10 24
 35 18 11 16
 33 2 27 40
 29 9 12 17
 6 47 12 45
 6 30 3 15
 47 3 27 48
 45 10 19 9
 37 19 4 3
 50 24 43 36
 22 37 1 39
 33 43 40 12
 9 43 36 16
 24 18 28 42
 36 39 32 22
 26 10 25 1
 21 26 46 6
 30 12 10 50
 46 45 39 27
 7 16 24 22
 0 48 49 45
 24 42 13 24
 45 34 3 3
 46 44 3 41
 5 42 50 42
 46 37 19 45
 3 11 45 46
 30 33 4 35
 19 39 23 11
 49 2 3 39
 31 29 14 36
 27 33 10 10
 18 48 24 3
 39 1 42 47
 20 20 31 9
 11 12 31 16
 11 14 24 35
 45 24 2 1
 45 29 1 5
 34 50 26 3
 39 33 20 46
 14 11 32 21
 14 33 19 14
 14 4 7 20
 31 42 33 4
 8 19 24 30
 16 18 28 14
 12 37 30 9
 50 41 3 32
 29 2 46 18
 5 47 16 33
 27 30 44 50
 4 1 50 30
 47 21 1 15
 48 34 12 43
 2 3 15 26
 6 27 12 31
 34 17 9 40
 42 5 1 45
 39 16 43 25
 7 6 38 9
 37 45 23 39
 21 36 33 12
 9 8 43 46
 2 36 28 25
 49 45 32 13
 5 34 34 50
 10 23 25 24
 27 24 27 22
 3 27 23 41
 21 7 13 12
 42 50 24 19
 36 4 38 16
 16 4 42 19
 19 35 11 26
 26 7 2 29
 34 7 2 29
 43 2 15 34
 19 13 36 11
 28 22 18 12
 44 34 25 45
 26 1 9 12
 24 12 5 47
 20 35 11 10
 12 32 1 11
 16 37 30 25
 19 18 18 19
 8 1 38 18
 5 23 7 24
 39 5 41 16
 1 23 33 12
 25 21 49 42
 18 3 39 30
 21 50 40 25
 17 37 12 11
 15 42 23 31
 45 40 24 8
 18 14 35 15
 22 4 19 29
 36 5 19 15
 17 11 30 34
 28 48 5 1
 50 21 37 9
 37 27 12 48
 45 15 24 8
 30 22 40 33
 37 23 14 44
 19 29 6 25
 15 20 3 39
 33 42 32 39
 26 21 30 39
 45 24 3 12
 35 5 4 38
 8 16 26 16
 21 9 35 24
 48 8 43 27
 3 24 23 9
 39 34 10 24
 7 40 31 26
 24 3 40 15
 25 6 44 36
 37 35 39 13
 21 25 14 38
 49 26 24 41
 37 48 34 27
 15 22 3 28
 40 39 31 11
 30 25 3 13
 18 31 4 18
 39 49 28 38
 30 16 21 10
 6 2 20 3
 16 50 27 2
 21 28 2 46
 36 44 33 29
 48 32 16 5
 28 46 45 26
 50 33 31 16
 36 6 33 42
 37 44 6 21
 37 43 15 15
 49 8 31 24
 48 28 42 19
 27 40 46 39
 45 12 40 46
 22 1 50 4
 9 32 47 37
 34 29 26 3
 37 27 26 32
 31 46 41 31
 39 2 21 7
 50 17 25 12
 6 9 36 10
 14 45 34 5
 15 17 6 33
 42 21 35 17
 0 41 1 15
 9 19 34 12
 24 26 15 18
 7 47 32 48
 5 32 20 6
 25 36 22 9
 4 8 14 19
 9 6 21 46
 1 12 5 37
 27 3 12 1
 0 37 19 32
 15 32 35 41
 25 24 24 22
 49 3 47 50
 45 27 24 50
 46 45 25 35
 0 41 2 5
 5 15 32 23
 32 1 20 33
 32 39 34 27
 45 38 17 44
 28 31 32 6
 29 39 31 18
 14 36 44 50
 7 5 24 23
 34 1 31 12
 21 12 1 36
 15 4 16 3
 37 32 3 22
 12 7 34 33
 18 14 29 3
 16 4 41 26
 44 46 11 29
 29 1 22 44
 50 19 42 14
 7 38 49 11
 7 16 48 18
 7 35 27 48
 27 8 35 3
 4 39 49 33
 6 4 49 7
 21 18 23 39
 7 37 19 40
 14 38 12 19
 49 28 26 27
 46 5 41 9
 14 31 31 42
 49 44 15 42
 43 23 23 28
 36 45 29 6
 32 24 29 16
 36 4 45 41
 26 33 35 21
 42 8 3 2
 14 11 7 32
 35 48 35 8
 1 14 21 37
 14 12 35 33
 3 37 38 50
 0 37 15 46
 13 23 26 18
 13 7 50 41
 0 16 30 30
 2 2 10 15
 21 41 41 34
 17 42 13 20
 8 18 14 6
 42 38 17 10
 11 10 46 4
 9 28 13 2
 17 32 26 31
 24 4 10 46
 14 22 24 13
 38 24 5 1
 19 6 8 2
 32 15 23 46
 18 44 9 16
 29 24 29 30
 16 7 15 16
 25 15 7 21
 40 4 6 11
 45 47 32 35
 39 50 20 17
 41 9 17 3
 19 31 29 19
 15 17 37 13
 29 30 37 29
 44 21 6 43
 22 22 21 10
 10 41 27 5
 31 8 12 20
 12 37 37 32
 28 8 9 36
 34 9 4 25
 34 1 29 44
 30 47 40 23
 4 43 10 21
 11 40 24 2
 38 49 45 17
 41 23 21 18
 15 16 17 34
 3 24 16 50
 48 34 2 41
 7 44 46 27
 40 23 37 16
 48 43 31 40
 3 9 40 26
 16 6 17 3
 35 29 7 43
 9 25 13 16
 30 22 13 50
 20 43 12 11
 24 6 11 33
 27 43 11 9
 10 3 31 37
 38 31 15 35
 13 46 46 38
 18 3 36 18
 36 43 42 22
 36 15 15 7
 23 25 3 31
 10 50 34 27
 4 35 14 25
 7 4 28 32
 43 28 36 47
 16 16 21 14
 22 13 2 25
 29 25 39 37
 27 5 9 41
 48 26 25 50
 32 29 15 22
 50 49 38 42
 29 24 2 17
 27 22 26 31
 39 22 27 25
 40 30 26 17
 50 35 46 27
 45 35 42 17
 43 4 9 40
 34 3 6 35
 17 33 8 27
 42 16 38 3
 18 27 1 29
 46 9 25 42
 3 43 8 32
 50 18 9 16
 5 43 24 30
 2 11 9 25
 33 32 2 27
 32 36 39 43
 46 23 36 45
 47 31 35 12
 4 34 40 49
 23 24 41 5
 32 36 37 24
 30 32 41 31
 18 48 14 23
 0 20 13 29
 18 28 41 26
 3 24 49 18
 23 12 39 14
 40 8 30 32
 47 21 29 47
 30 43 40 25
 31 16 30 21
 28 28 28 18
 23 15 29 39
 32 41 35 34
 2 42 43 29
 9 7 29 4
 22 35 40 14
 25 47 43 32
 19 40 9 37
 14 46 31 36
 36 44 9 27
 1 41 4 18
 19 46 26 24
 26 49 34 35
 18 11 49 20
 23 37 42 10
 16 16 7 1
 17 38 31 31
 42 38 39 19
 37 23 16 32
 16 49 30 21
 30 20 26 14
 26 31 16 21
 2 15 38 44
 43 43 27 6
 46 13 32 20
 45 13 14 44
 37 33 2 11
 30 21 9 41
 38 6 9 45
 28 34 29 7
 29 23 32 43
 31 30 11 46
 13 27 11 33
 46 46 36 11
 8 20 2 46
 1 42 5 17
 10 46 9 30
 8 27 30 22
 6 23 43 40
 10 44 50 12
 25 26 12 12
 46 46 19 3
 14 33 8 48
 34 8 37 3
 15 15 31 31
 16 45 15 37
 32 5 2 26
 30 44 4 6
 23 49 4 37
 45 3 47 19
 3 33 49 17
 9 35 37 30
 43 24 33 49
 43 12 12 4
 19 38 15 27
 26 13 37 18
 5 10 39 17
 47 29 16 26
 13 33 39 9
 4 4 21 32
 10 29 21 6
 26 32 50 22
 7 1 38 34
 43 13 17 11
 11 29 25 42
 19 3 41 35
 37 43 13 27
 11 31 34 24
 22 30 47 31
 34 31 34 23
 30 43 43 12
 33 4 49 36
 12 42 10 40
 2 38 40 27
 29 19 12 42
 34 37 28 2
 37 23 12 23
 4 27 5 16
 0 1 17 43
 5 16 17 50
 41 43 44 19
 50 9 21 33
 21 5 47 18
 33 4 48 26
 49 9 22 5
 37 3 26 9
 50 25 14 31
 42 24 46 4
 21 37 34 36
 43 12 12 18
 40 23 31 30
 34 33 9 18
 37 43 31 13
 28 15 10 12
 42 14 26 28
 50 12 7 21
 48 37 12 49
 36 17 32 17
 0 15 34 2
 9 29 27 5
 42 19 12 30
 46 7 8 8
 33 6 7 42
 20 13 48 44
 42 27 43 38
 4 30 27 50
 18 44 50 10
 7 22 21 24
 1 17 21 29
 7 26 48 10
 1 18 27 6
 19 34 44 32
 50 27 37 37
 15 20 49 28
 37 19 18 48
 38 27 11 48
 36 40 24 5
 41 20 20 26
 48 12 34 47
 24 8 29 2
 45 40 46 19
 26 11 23 5
 7 32 25 41
 28 49 47 33
 38 47 49 42
 37 34 48 43
 29 46 29 36
 39 47 3 44
 28 10 8 40
 50 26 2 16
 5 24 41 7
 19 42 34 3
 5 11 3 36
 16 29 9 11
 1 24 44 32
 5 9 2 39
 33 3 50 38
 36 13 28 23
 24 2 16 16
 46 27 29 19
 45 27 43 8
 0 23 12 19
 44 28 37 41
 41 48 36 10
 18 48 35 5
 45 35 37 4
 16 23 47 5
 23 3 38 8
 26 31 23 6
 11 23 34 3
 0 16 29 33
 2 50 12 28
 31 36 11 40
 44 18 43 21
 6 15 28 34
 49 27 6 9
 15 26 9 44
 49 21 45 27
 32 25 23 16
 41 39 16 37
 8 15 18 21
 49 40 27 46
 36 39 48 15
 23 38 5 15
 31 18 7 23
 36 31 3 29
 26 43 47 15
 37 23 17 26
 23 40 44 40
 19 48 14 1
 8 19 5 40
 7 37 42 2
 50 9 2 50
 50 8 37 10
 35 38 6 11
 42 46 31 41
 43 34 10 1
 26 3 11 39
 48 22 18 19
 28 44 8 6
 40 23 22 2
 2 37 16 22
 28 4 9 22
 37 30 26 41
 40 1 49 40
 47 24 5 4
 19 30 2 20
 32 4 39 13
 47 44 26 21
 43 6 7 23
 41 31 19 42
 13 35 34 49
 18 45 41 49
 12 31 27 26
 31 31 16 41
 48 31 50 4
 42 7 38 48
 34 15 39 35
 9 12 36 23
 8 11 11 30
 30 42 16 43
 33 3 41 10
 17 23 6 38
 2 47 47 2
 20 40 32 19
 32 26 23 12
 23 34 45 9
 48 9 50 30
 23 42 50 38
 25 4 8 1
 17 46 4 32
 2 37 28 36
 18 30 17 40
 43 49 23 27
 39 14 45 38
 36 10 45 38
 11 37 7 1
 43 42 12 8
 41 9 2 42
 0 17 2 9
 24 7 42 42
 18 1 5 28
 43 6 22 1
 13 12 19 42
 10 10 36 42
 16 17 14 14
 14 29 28 43
 15 32 9 35
 14 7 45 43
 26 32 4 22
 11 38 30 35
 42 6 11 1
 39 34 29 34
 23 49 16 11
 22 30 49 22
 16 24 17 43
 20 47 15 4
 13 4 7 47
 13 11 9 15
 25 27 47 20
 17 14 16 22
 14 10 1 17
 31 34 27 24
 30 14 42 40
 2 3 29 10
 5 29 48 25
 23 5 13 39
 16 38 45 29
 20 15 7 21
 19 10 35 13
 29 26 44 33
 16 41 11 32
 48 5 1 47
 19 46 24 37
 49 2 6 26
 8 30 23 24
 1 25 49 33
 30 22 26 42
 8 8 21 23
 45 38 48 48
 20 19 46 40
 50 13 35 43
 31 12 15 4
 10 45 4 11
 42 33 9 42
 48 27 50 7
 23 42 26 30
 6 13 16 34
 6 11 42 38
 3 14 6 46
 27 42 41 20
 26 6 5 7
 12 38 42 44
 32 37 15 3
 34 45 20 2
 35 11 44 31
 6 15 47 18
 29 47 36 3
 1 33 21 32
 26 13 19 23
 19 22 48 36
 12 41 44 7
 47 29 33 46
 5 48 28 12
 6 15 40 42
 29 33 11 3
 14 16 10 46
 3 39 17 7
 10 24 2 35
 7 47 9 5
 39 37 42 13
 36 33 30 48
 39 7 4 39
 18 3 16 16
 11 34 5 9
 27 25 18 49
 3 22 2 25
 0 31 16 34
 43 16 10 33
 12 46 10 45
 1 29 24 19
 16 3 13 16
 5 26 45 26
 40 39 25 1
 31 50 23 36
 19 48 29 25
 31 2 38 12
 3 27 16 41
 36 35 48 46
 30 2 50 7
 49 19 45 47
 33 49 20 41
 1 21 44 32
 43 14 46 22
 7 33 19 32
 12 50 30 37
 50 43 3 42
 39 46 37 12
 47 14 28 39
 36 35 7 2
 47 40 6 34
 42 25 32 42
 24 39 33 29
 44 32 34 2
 9 34 29 17
 25 34 28 1
 15 11 38 47
 20 32 14 39
 21 2 49 8
 24 4 45 24
 43 33 40 17
 24 12 7 9
 49 33 5 11
 48 33 14 27
 2 33 9 24
 39 1 31 43
 8 15 22 43
 33 19 37 43
 4 9 11 31
 39 33 13 8
 0 36 49 11
 15 29 21 26
 24 26 21 20
 34 36 14 35
 49 30 14 26
 50 39 7 11
 32 9 48 29
 21 19 35 46
 48 11 7 39
 10 43 12 38
 31 34 40 13
 43 46 10 42
 48 7 44 8
 50 3 4 33
