1000 3
31 23 13 4
35 11 16 36
42 24 18 9
16 39 8 22
5 16 7 14
18 15 8 42
12 7 2 21
40 15 30 31
39 14 14 33
33 12 50 43
2 40 48 36
25 19 22 39
20 33 39 2
46 30 7 36
26 15 32 13
3 22 38 49
1 2 41 43
16 39 10 5
25 22 29 26
49 11 40 25
21 6 25 20
17 14 40 8
18 38 50 6
25 13 39 18
3 32 17 48
38 33 33 26
1 11 43 11
31 42 29 23
44 16 23 1
38 36 13 2
0 4 26 27
5 9 26 26
43 19 8 3
8 43 29 15
13 36 13 43
23 5 19 24
12 13 6 39
3 22 39 38
37 5 16 19
23 25 8 18
31 15 4 1
8 49 2 37
13 15 49 27
32 9 12 19
46 5 12 36
35 25 2 18
50 35 15 29
15 38 10 6
38 18 9 25
6 30 10 32
14 41 11 24
26 6 1 15
37 18 2 25
29 49 33 25
37 36 31 10
39 41 33 17
3 43 27 26
6 18 2 21
31 12 38 3
19 31 23 22
25 37 37 38
10 33 16 32
25 41 6 17
27 31 28 5
29 29 10 15
39 19 17 16
9 26 50 42
38 5 13 23
19 49 7 49
46 49 35 7
18 28 14 40
16 26 12 26
0 43 4 37
0 18 3 21
18 6 4 3
19 27 37 20
29 4 25 14
44 1 6 46
31 45 24 37
22 29 19 15
14 45 20 23
2 46 14 48
47 15 19 1
37 10 31 44
9 42 22 48
39 28 27 14
48 32 46 17
34 48 5 19
20 23 7 20
1 39 22 10
13 31 38 37
3 46 11 36
23 30 13 10
39 35 21 20
18 11 14 35
4 20 32 41
24 43 23 18
13 49 9 13
35 50 36 37
48 43 26 42
18 27 29 43
21 4 33 3
40 30 37 40
3 2 22 28
36 3 44 9
4 28 27 14
46 6 28 42
42 20 5 7
30 16 28 10
15 43 45 11
21 19 39 47
14 20 35 23
31 9 32 25
46 8 26 18
41 49 47 35
0 37 20 31
13 28 12 5
16 10 22 35
18 4 44 30
27 42 42 1
23 38 45 30
31 40 10 39
22 34 17 27
45 13 25 39
12 46 10 44
5 35 27 1
44 18 18 24
21 15 33 25
50 18 46 25
45 43 21 36
47 47 24 14
42 34 11 20
12 39 6 6
20 3 13 42
17 11 16 45
40 1 3 24
42 33 35 47
41 10 29 36
16 44 7 42
38 24 48 20
2 49 18 18
21 35 1 3
35 9 44 24
41 4 19 47
32 31 2 41
6 48 12 28
24 26 4 21
49 6 35 49
25 29 39 20
3 26 3 46
41 7 42 16
24 36 1 22
35 17 22 42
18 11 20 39
50 14 20 40
13 18 50 44
6 50 1 48
31 45 38 20
50 15 33 19
8 12 38 49
17 14 27 50
35 50 2 30
17 5 27 30
41 18 8 29
7 18 1 37
8 11 4 45
42 48 31 44
6 10 25 4
47 49 25 46
20 37 27 25
22 26 41 8
42 2 11 23
20 17 44 43
50 2 47 45
40 41 46 17
16 32 24 46
20 23 12 20
24 50 8 23
7 27 11 44
44 44 30 22
35 40 45 33
6 22 36 2
35 36 30 1
45 43 1 2
43 38 6 1
5 47 47 45
35 1 44 25
3 8 43 27
49 40 14 44
44 5 23 7
6 38 12 16
50 18 23 30
4 31 15 29
50 6 32 28
36 11 10 4
38 48 50 35
30 50 18 47
12 7 43 29
24 26 44 6
36 1 7 13
9 37 28 27
13 27 25 4
49 10 14 18
19 8 6 21
20 25 41 35
6 44 7 32
35 21 17 9
25 28 37 4
4 9 44 12
42 20 2 32
31 1 24 42
28 42 13 5
13 14 30 26
46 27 48 5
25 3 30 37
28 2 22 38
39 21 11 36
23 6 18 35
26 42 13 2
47 3 2 3
10 43 32 46
2 22 43 50
26 29 22 45
36 40 2 5
38 39 29 40
31 12 43 20
40 26 23 18
12 42 39 25
34 41 47 19
12 25 49 32
11 35 31 38
32 7 30 47
50 31 17 43
38 12 26 46
34 19 1 41
2 11 20 9
10 48 1 37
21 45 9 32
34 28 11 31
16 8 41 3
49 23 15 6
41 23 34 24
33 35 35 45
15 14 9 44
36 31 19 46
44 32 12 9
50 40 44 38
3 12 40 35
4 6 14 35
32 21 26 49
19 38 11 38
28 27 27 1
50 37 39 9
19 38 11 3
0 48 28 1
34 17 28 32
14 7 8 36
1 24 49 15
7 4 15 2
12 12 23 16
15 19 47 50
48 14 44 11
42 29 43 34
28 40 38 3
36 20 28 7
16 27 39 1
15 41 25 35
28 36 46 6
5 7 36 15
13 12 11 40
1 49 29 17
15 27 4 6
28 5 19 13
49 28 15 38
14 16 15 12
22 46 10 26
7 44 9 10
26 27 34 18
39 15 3 11
34 22 47 26
24 24 12 21
17 4 45 44
47 24 42 21
4 18 23 22
46 5 38 1
25 41 4 14
23 47 31 2
42 45 29 15
8 26 44 44
32 43 12 19
18 10 49 19
6 50 40 34
2 38 30 46
25 13 49 7
32 26 12 26
21 49 21 21
34 36 10 5
39 4 41 23
11 21 44 23
31 15 18 27
7 32 6 35
25 35 8 29
44 6 10 26
36 18 33 36
28 49 3 2
46 30 30 17
7 4 13 22
4 7 36 1
16 29 23 3
33 10 43 41
31 14 2 25
38 13 12 3
13 2 29 40
50 27 37 22
18 7 13 9
39 16 25 44
28 26 32 38
0 45 24 20
44 40 16 44
49 50 33 16
13 39 5 19
6 14 8 9
7 49 20 46
9 27 42 48
28 30 13 12
36 21 3 18
17 9 44 11
37 35 27 4
45 39 15 8
30 46 23 41
11 37 11 5
22 12 38 33
29 43 31 8
18 19 3 18
12 41 27 38
5 8 2 36
1 1 21 7
41 29 36 11
13 21 10 41
32 26 7 2
11 21 37 11
12 26 1 9
29 40 33 21
2 23 33 2
48 42 23 34
2 25 46 26
42 19 28 36
48 32 24 29
34 7 27 38
28 29 42 42
4 29 36 23
44 36 34 46
42 26 7 3
12 17 15 22
8 22 9 50
12 44 48 46
42 43 48 13
28 22 9 33
34 25 17 20
24 19 34 50
16 30 5 5
46 6 45 42
35 45 11 7
22 7 20 8
15 15 31 32
47 39 20 8
49 19 48 22
18 18 5 26
29 35 25 48
10 31 39 8
20 12 22 50
47 42 39 10
1 33 7 36
27 19 28 30
40 14 14 2
40 22 30 11
45 32 34 14
33 7 29 20
42 36 1 20
48 28 8 8
47 5 37 38
48 9 29 39
21 24 8 13
41 6 34 26
26 10 10 10
25 41 17 5
45 23 46 14
32 37 39 23
6 1 47 24
30 1 36 36
48 5 3 22
14 20 35 6
18 15 33 43
0 27 8 31
26 37 37 3
44 46 46 36
26 16 47 12
46 11 21 34
2 43 50 26
50 36 19 42
6 43 38 7
48 10 18 46
39 27 20 4
37 15 26 14
47 8 27 37
22 34 33 39
47 22 34 2
28 45 15 31
4 11 20 46
1 1 37 29
15 1 38 41
19 47 24 20
31 45 50 33
49 26 18 25
20 48 30 28
47 26 42 30
27 43 20 29
33 11 16 40
8 14 8 26
30 16 17 50
38 27 33 50
13 6 19 8
35 20 33 42
28 44 28 45
11 37 11 18
45 40 13 9
35 13 1 21
4 27 3 30
31 13 41 34
5 37 37 22
1 50 38 7
31 32 7 8
18 23 13 39
9 20 48 10
48 23 6 9
9 28 44 29
46 27 22 32
47 8 7 5
16 45 40 30
40 38 16 2
32 16 46 15
39 12 16 7
31 17 1 7
34 9 35 20
48 37 44 3
48 44 15 10
12 12 39 36
2 23 37 34
23 2 26 46
2 12 24 9
3 48 2 14
49 14 29 44
49 13 44 35
42 49 33 30
19 9 7 16
39 3 12 4
30 15 9 39
35 29 34 2
37 15 40 50
32 40 27 13
27 35 23 15
43 18 12 27
4 40 36 37
34 38 29 26
26 27 35 16
11 23 16 16
7 28 28 22
49 37 43 13
29 25 46 32
15 32 20 21
4 1 9 47
41 44 3 46
20 50 16 1
39 17 16 38
23 44 36 12
12 27 50 37
21 20 38 27
41 21 26 26
23 32 40 38
6 2 42 33
4 35 5 40
49 41 33 42
4 7 32 49
8 15 50 18
44 4 20 42
18 50 32 43
7 39 8 32
7 43 2 35
8 23 8 14
39 9 3 43
44 50 44 5
32 37 33 48
38 28 8 49
9 17 19 38
18 12 30 5
26 24 13 21
20 25 16 33
3 23 16 20
38 50 33 43
12 31 47 19
50 31 34 30
49 41 3 16
24 12 3 42
4 38 39 1
47 29 41 12
38 12 36 3
39 24 27 17
32 21 2 36
33 33 11 45
46 19 8 49
37 4 48 43
10 9 40 49
35 6 34 16
49 13 1 1
0 29 37 6
4 24 25 45
1 32 2 19
12 21 23 1
45 43 20 23
7 48 10 38
17 15 38 15
49 13 1 4
0 28 14 29
29 48 31 43
23 3 44 19
47 15 39 35
13 42 6 3
43 41 24 22
11 23 48 23
43 38 6 40
27 21 23 45
31 3 7 24
40 1 14 7
16 20 19 19
32 35 20 4
50 40 15 34
2 6 17 38
43 50 7 9
46 41 44 50
8 36 39 25
19 38 30 49
14 45 18 28
35 2 44 24
1 49 9 36
21 10 9 11
43 23 48 9
20 6 21 40
33 34 18 4
19 16 19 6
13 42 2 29
14 17 9 33
42 12 37 20
3 10 27 41
28 45 20 12
23 16 26 19
45 42 36 2
43 39 24 29
32 50 46 1
13 26 45 46
39 32 39 4
22 49 47 11
21 27 29 43
48 16 18 37
20 20 40 32
45 9 17 41
0 50 4 25
40 6 24 41
46 21 39 39
11 35 49 29
44 4 43 39
33 28 45 11
10 2 10 5
2 27 13 38
24 30 29 30
17 42 29 11
36 35 27 22
3 17 8 17
36 28 44 7
14 5 34 23
13 6 9 24
42 19 31 43
30 8 48 14
17 26 40 47
25 8 50 8
21 31 46 10
47 14 49 4
11 15 10 47
35 31 43 23
45 42 30 25
19 10 10 34
3 15 48 1
7 47 38 2
36 16 35 47
41 6 8 37
12 48 5 29
12 35 33 38
43 33 40 48
22 49 50 27
37 37 31 21
10 7 49 38
40 29 25 18
28 6 30 44
13 50 20 49
21 19 10 29
35 12 4 7
7 44 2 19
15 49 38 25
31 47 47 9
49 22 3 21
5 11 12 31
35 1 17 17
12 22 32 2
44 41 7 12
42 49 28 44
21 21 16 9
10 26 47 50
43 12 21 11
33 38 44 6
25 11 27 11
26 24 23 47
14 35 46 41
9 10 47 20
41 46 5 50
42 36 48 44
19 38 25 23
31 22 9 14
32 44 31 9
16 38 44 30
5 34 34 9
47 26 39 12
42 17 50 47
30 40 28 13
43 13 3 11
26 30 22 12
6 24 50 10
36 11 5 30
40 38 19 41
2 29 32 12
20 20 20 4
19 35 21 42
36 29 31 6
20 45 14 11
10 8 31 25
22 6 15 16
25 48 34 21
16 18 21 3
12 34 19 36
46 19 41 9
49 38 38 21
5 31 17 30
42 50 43 43
34 23 23 8
17 37 2 32
13 11 21 49
41 33 49 14
48 17 29 47
39 16 6 13
43 30 40 32
3 7 40 31
44 48 44 38
49 26 11 3
23 7 9 31
7 30 8 38
28 37 45 16
25 45 37 20
44 12 26 46
30 44 19 19
9 43 9 45
28 41 17 45
48 10 50 44
3 3 36 29
37 23 46 44
18 38 4 20
3 1 48 2
38 16 6 18
21 35 39 41
6 50 17 30
15 47 27 3
18 23 34 8
23 18 1 28
26 34 32 29
34 38 24 12
2 27 15 18
37 21 39 48
14 25 12 16
11 10 22 26
1 41 24 48
47 36 46 13
46 16 50 30
49 30 3 22
16 7 12 16
25 31 3 47
1 30 17 38
45 9 45 28
13 32 25 4
35 40 39 24
20 12 28 12
15 4 39 25
25 37 39 35
19 19 16 47
8 6 14 13
17 3 50 40
9 45 16 50
47 13 24 46
15 17 38 7
3 5 32 36
48 7 50 38
19 1 14 50
22 24 50 17
16 24 34 12
13 49 16 42
26 6 39 32
37 6 39 41
24 11 31 29
45 16 16 11
31 47 30 1
33 5 42 25
26 23 23 47
42 24 22 28
41 28 12 39
45 30 28 16
10 26 35 21
9 40 1 1
29 31 42 15
45 44 7 50
11 24 34 2
31 8 50 12
50 16 33 49
46 45 1 48
47 12 37 3
35 42 20 50
24 47 46 3
42 18 39 11
20 43 30 15
2 15 19 35
48 33 31 15
24 26 28 43
37 14 19 20
4 37 28 41
28 50 8 50
30 13 19 42
13 49 34 15
4 27 8 2
27 41 9 30
21 30 36 22
2 5 10 16
45 27 42 27
35 29 11 6
31 50 41 37
22 17 13 7
50 7 18 2
17 20 15 19
38 27 25 45
37 6 4 39
34 42 27 30
28 2 3 47
44 24 33 22
2 33 50 15
4 4 31 50
30 44 44 8
31 21 30 42
21 46 32 47
26 13 37 20
49 26 23 21
24 4 8 10
9 15 7 44
4 20 19 43
1 22 11 4
14 44 5 6
20 25 1 22
14 14 26 19
43 6 3 36
30 28 13 12
17 30 50 38
26 15 42 4
23 8 36 9
4 22 36 47
9 49 17 17
30 46 29 37
9 32 37 39
17 7 3 24
37 14 22 50
8 26 2 14
46 14 15 50
4 41 14 38
36 44 49 49
39 35 22 16
18 9 25 39
6 12 8 46
27 4 12 24
17 8 50 3
49 44 15 39
49 17 43 23
47 45 25 16
28 1 4 14
14 42 35 36
21 1 26 47
19 15 20 50
32 3 50 1
26 15 22 41
0 21 40 6
3 22 14 40
2 35 35 29
2 25 17 41
29 32 10 29
10 25 37 6
7 1 47 25
11 32 15 4
13 22 41 11
32 41 47 19
22 3 8 10
48 31 11 34
41 15 39 23
2 27 24 14
0 32 14 18
5 28 40 42
27 30 47 1
11 4 41 9
4 6 14 28
19 41 4 39
44 18 18 34
16 38 11 38
33 24 39 35
24 24 32 49
20 35 18 33
42 40 11 24
45 9 48 38
7 38 43 16
48 47 10 9
32 1 31 8
16 36 42 33
12 14 9 20
39 5 35 15
43 34 26 30
24 7 38 20
31 37 43 39
33 23 48 46
1 24 7 7
41 46 1 9
37 28 4 33
14 13 35 31
18 30 33 24
14 43 27 31
0 49 18 20
31 29 37 28
42 13 29 32
1 44 40 33
31 49 29 49
25 5 12 42
5 2 35 28
24 32 40 9
32 12 49 5
32 37 22 8
12 25 29 24
9 41 49 34
25 2 37 31
49 19 7 37
17 23 50 6
23 13 22 31
29 37 5 46
28 37 30 23
41 49 28 3
29 11 45 47
46 4 19 13
18 17 6 16
35 22 36 49
3 40 44 13
20 47 26 10
30 13 2 18
27 5 18 2
28 21 26 17
16 22 43 20
9 20 8 47
48 49 48 49
23 36 6 18
45 3 39 12
7 35 24 13
43 12 16 31
3 11 31 19
5 19 17 44
50 30 19 32
17 34 46 26
45 45 44 29
46 10 7 41
50 21 50 32
32 1 34 19
44 2 39 19
45 23 2 14
27 30 34 12
26 35 46 7
15 26 1 45
46 21 21 45
47 4 16 35
13 37 25 32
43 36 37 8
41 1 42 11
42 30 4 45
18 34 25 46
41 14 49 25
49 41 10 36
5 17 22 40
43 22 43 33
32 15 5 44
10 11 46 27
47 1 16 20
27 4 21 39
43 49 43 12
18 13 17 13
18 19 24 24
46 44 21 41
12 5 30 16
29 35 42 3
10 50 9 21
46 29 12 45
29 37 34 16
31 38 37 8
25 37 7 50
16 33 14 18
26 19 27 27
7 43 8 44
1 10 19 50
6 9 17 22
5 8 31 11
6 27 18 10
11 19 5 41
13 43 22 31
13 28 16 48
28 15 3 6
7 19 19 36
3 42 3 22
43 34 21 18
22 13 24 5
26 32 11 32
17 41 18 22
34 38 42 13
27 2 31 46
39 14 17 2
4 22 15 20
43 12 19 22
29 22 42 15
40 46 36 19
22 49 18 25
18 40 26 25
10 47 3 47
0 7 8 11
27 38 3 11
23 35 16 46
15 14 45 9
18 37 24 10
33 43 17 26
17 2 41 37
1 4 36 17
10 5 37 36
39 34 32 28
42 12 18 12
39 30 21 37
26 16 32 39
38 5 42 17
20 49 11 41
41 27 46 25
32 6 24 37
28 33 49 25
3 20 50 20
6 14 6 43
48 18 5 20
22 22 16 27
13 35 19 29
34 23 46 27
6 37 31 14
4 30 6 35
15 23 30 10
49 29 36 19
9 22 1 33
5 36 34 8
46 22 27 45
5 2 5 15
39 42 11 46
42 36 13 11
36 1 37 31
17 23 12 35
45 27 30 33
30 19 39 30
34 19 40 4
50 45 29 3
1 47 47 16
42 44 37 45
27 14 31 38
15 6 20 17
45 24 35 37
8 37 50 15
30 11 2 31
36 37 50 3
23 48 38 45
14 10 34 8
35 30 22 30
20 36 14 43
17 32 49 30
0 9 13 50
0 20 50 12
17 49 18 42
