1000 3
44 22 50 7
6 37 38 20
6 17 19 33
44 37 2 32
18 33 45 13
9 29 26 1
15 41 41 2
40 32 23 35
25 26 31 47
35 33 16 8
38 39 49 19
40 2 34 21
18 33 50 18
49 49 43 25
15 13 29 27
12 42 2 3
49 22 1 41
45 45 1 9
18 43 13 1
37 13 11 42
31 14 49 11
23 42 10 17
39 41 49 29
37 8 2 15
21 18 14 48
9 42 33 20
35 5 8 4
1 18 12 26
44 39 18 16
27 28 29 50
43 45 3 15
4 50 13 6
18 29 44 1
22 40 5 47
43 36 9 47
22 49 1 5
39 6 19 31
31 19 32 42
9 28 11 10
13 38 41 29
19 4 2 42
42 3 14 2
38 32 4 44
4 34 43 33
25 4 43 45
21 18 6 22
44 41 38 49
0 21 36 35
24 45 43 31
45 38 1 18
46 30 11 29
39 48 36 3
38 32 7 41
25 16 24 46
26 44 21 6
28 43 39 23
13 6 7 31
41 11 9 20
15 39 17 49
7 16 10 17
3 25 5 4
40 26 14 13
22 43 43 31
0 27 49 23
10 16 8 19
21 47 39 9
28 31 35 3
34 49 39 23
30 34 41 10
37 45 31 1
16 11 19 25
8 17 4 48
24 22 1 20
43 17 30 21
8 5 35 9
45 43 1 26
0 2 16 34
44 45 18 19
40 1 15 28
5 39 36 25
30 2 19 5
36 22 37 23
10 28 38 1
26 4 12 50
25 23 48 1
19 45 22 3
12 38 48 26
28 41 6 15
12 48 26 24
36 31 21 13
33 31 9 43
31 7 43 13
25 45 6 18
11 10 26 35
42 13 1 23
13 46 33 5
41 30 37 23
44 8 28 15
40 12 7 24
48 41 3 37
37 36 40 47
25 49 5 19
20 14 16 37
14 12 40 29
17 48 27 5
20 20 20 45
26 8 16 3
3 46 25 1
8 29 20 29
36 41 19 13
44 23 13 43
29 8 4 42
32 44 42 18
24 45 1 40
39 33 43 29
23 7 4 9
39 25 11 12
14 13 39 33
29 1 21 20
30 29 32 25
32 39 18 32
43 4 9 44
36 48 13 21
0 41 18 13
33 18 26 7
26 29 26 48
8 9 10 42
26 15 15 1
32 49 1 20
12 1 29 27
25 22 37 23
47 37 16 23
27 37 45 14
23 15 46 43
47 11 13 22
17 22 42 12
9 14 40 26
22 2 49 3
15 1 11 18
37 49 23 29
20 16 38 49
9 26 15 28
0 38 13 7
6 47 42 45
2 20 27 19
22 33 21 15
37 18 40 16
0 48 4 19
2 48 29 48
28 49 30 5
48 50 28 14
49 20 6 20
10 11 50 49
26 48 35 48
44 46 21 14
4 11 9 21
24 33 24 31
8 18 19 1
21 48 45 24
35 33 42 48
29 41 40 48
3 17 4 31
21 43 50 4
37 11 18 32
39 18 9 40
0 12 19 16
6 13 41 11
33 1 19 1
42 22 32 37
16 15 36 22
12 41 6 7
11 44 41 1
49 7 42 41
0 34 46 35
46 11 32 5
22 22 44 42
33 38 15 48
18 15 37 39
19 48 13 20
48 48 42 40
21 48 45 1
5 34 7 34
16 37 25 3
21 23 15 13
4 25 46 39
28 7 31 43
22 36 44 35
35 34 13 40
29 8 11 41
50 31 20 30
23 3 23 45
40 5 4 10
6 4 14 33
39 10 24 39
12 18 31 3
44 22 28 16
49 46 20 33
12 22 37 35
30 6 25 3
48 10 1 1
2 43 14 28
11 49 35 47
31 43 22 6
6 40 19 10
0 40 7 5
9 2 20 1
43 37 2 32
4 10 45 50
12 28 28 19
28 46 9 44
12 31 12 35
19 46 41 12
29 17 50 21
12 39 19 24
2 42 47 9
45 4 46 42
48 45 6 37
20 1 23 17
18 4 43 46
34 33 42 50
43 41 16 10
34 15 4 27
3 30 24 38
26 19 42 47
39 4 13 24
22 19 9 24
4 25 20 21
20 24 46 20
40 30 29 22
40 9 11 23
46 49 26 41
28 9 35 5
0 49 6 2
22 50 7 5
44 3 10 3
7 34 5 41
11 50 32 35
2 30 28 7
41 3 23 31
19 36 40 24
9 31 9 31
5 48 9 49
28 23 3 4
25 32 46 46
36 17 3 8
27 40 1 14
27 38 31 32
49 12 24 42
41 14 23 34
40 48 32 50
44 14 37 40
6 47 1 21
23 32 1 45
29 48 9 21
34 23 1 31
16 47 34 20
25 23 40 24
12 21 48 49
42 36 35 12
4 22 10 3
6 21 13 28
15 7 23 34
9 5 32 36
20 47 25 41
5 24 33 50
18 12 31 13
26 28 29 32
20 11 36 10
33 5 14 16
4 31 45 48
13 26 30 27
47 41 46 25
15 10 23 10
33 6 30 44
16 46 41 10
0 14 22 9
22 36 38 16
6 47 8 15
28 42 40 2
25 30 32 49
34 13 35 25
50 11 49 42
32 2 39 49
48 35 32 26
21 17 9 26
29 15 28 17
0 5 15 36
50 32 15 35
20 10 39 31
39 24 21 9
38 45 4 26
11 23 16 49
3 7 31 17
27 35 13 15
42 47 25 23
6 46 10 2
15 50 24 8
34 20 22 5
19 6 30 10
47 39 3 26
43 1 32 46
22 46 46 37
5 3 39 30
3 37 38 24
42 39 23 21
46 17 31 18
14 8 1 30
38 37 25 38
25 8 28 29
41 11 35 24
26 49 12 26
18 48 41 44
45 45 18 30
8 21 38 10
7 21 8 24
16 1 50 17
16 45 8 29
4 4 19 31
3 4 23 16
29 19 1 31
35 13 48 31
11 46 39 47
22 44 18 17
47 45 27 27
41 11 40 21
0 38 47 43
36 43 2 38
21 27 7 30
42 37 23 41
39 25 14 27
15 41 35 14
29 48 31 14
41 35 21 30
45 8 12 8
45 32 24 2
48 35 28 44
30 20 1 45
33 18 39 24
12 13 43 39
18 1 13 10
11 11 39 49
22 45 18 31
26 38 50 19
42 8 27 42
41 16 50 12
26 11 27 9
41 12 6 32
34 24 14 36
11 32 24 3
48 35 4 14
10 1 21 7
18 4 9 1
9 12 37 47
22 44 34 21
31 4 20 8
14 36 24 36
30 50 32 19
40 40 18 29
3 43 29 37
11 20 13 9
26 28 35 8
50 28 42 25
9 3 27 7
37 20 34 12
8 47 9 12
22 11 42 40
8 37 23 21
28 41 23 42
44 44 21 34
6 47 45 21
41 48 46 25
5 27 5 26
24 14 40 18
40 37 8 2
22 17 16 38
16 37 29 32
44 47 46 11
49 32 18 23
3 4 14 5
11 38 41 16
19 2 18 1
50 4 38 23
40 15 19 3
38 36 27 6
4 33 3 19
32 5 24 40
50 42 42 28
28 5 41 31
24 35 39 50
31 30 49 49
20 35 1 8
0 34 10 7
25 41 2 29
14 27 41 42
48 38 13 19
45 50 50 30
30 26 2 6
10 36 44 26
44 47 41 28
41 16 41 23
19 37 46 45
31 43 9 1
39 28 26 1
47 24 22 12
48 30 3 20
38 23 14 13
12 50 16 2
9 1 34 29
40 49 48 20
16 24 9 31
43 33 1 41
50 34 5 7
40 18 47 33
16 30 19 37
6 10 11 6
1 49 26 38
17 9 1 44
6 9 3 32
9 25 50 32
45 1 32 37
10 32 8 9
4 37 34 41
3 15 14 6
13 43 32 6
13 2 50 4
0 18 36 38
1 42 19 7
44 10 49 12
27 1 8 44
39 12 48 16
24 21 45 25
21 25 48 19
12 50 36 15
13 5 35 27
14 47 21 13
37 28 45 9
14 17 40 2
23 44 3 50
45 18 38 37
20 34 1 33
18 26 47 35
25 34 27 17
12 28 26 28
24 18 21 25
27 50 39 8
44 8 2 9
46 38 18 23
48 34 21 36
20 25 50 13
34 42 42 17
27 29 9 28
29 10 4 4
1 9 31 49
4 26 7 7
15 6 21 46
25 31 50 1
17 40 48 22
42 8 12 44
35 19 12 15
8 12 19 6
36 3 18 21
14 13 9 17
21 43 17 50
34 26 25 12
46 47 31 11
39 18 19 18
22 34 44 8
0 2 20 12
48 3 9 16
33 34 31 13
20 33 39 48
4 3 29 25
11 41 16 16
36 12 26 25
11 1 29 47
30 26 14 1
30 44 15 20
45 27 41 6
50 17 32 12
7 26 20 29
36 20 46 34
38 28 2 5
50 46 24 30
27 31 17 32
10 1 39 17
10 22 27 13
47 44 31 1
2 7 34 10
17 15 20 23
28 41 37 16
42 15 46 30
26 40 42 13
41 1 39 9
50 6 16 19
12 1 44 6
34 32 15 25
47 6 43 4
23 24 33 37
33 16 28 37
18 26 18 7
23 21 39 25
22 29 14 23
24 6 44 24
23 42 45 46
41 30 26 43
40 19 25 16
26 37 24 29
19 47 32 46
20 42 40 43
49 41 42 37
9 10 13 3
16 46 29 6
45 9 35 29
26 27 33 5
15 39 11 48
16 22 38 8
14 26 6 19
7 43 38 49
40 50 42 50
38 20 20 37
44 26 49 28
36 46 9 9
45 27 50 6
26 48 20 11
48 29 4 10
35 50 27 38
1 29 44 7
15 24 50 21
39 16 26 46
44 6 42 8
44 44 13 20
24 32 12 41
12 25 2 42
37 16 22 37
4 45 2 35
3 1 11 28
10 48 29 19
3 34 6 4
27 32 6 44
48 38 9 18
50 41 1 5
8 27 17 10
35 44 32 35
49 20 18 16
11 16 1 5
12 4 40 35
17 46 21 12
41 5 18 27
12 24 50 1
45 26 16 18
12 43 11 32
23 13 26 5
25 29 48 30
3 34 39 42
17 9 9 50
33 40 42 43
38 49 49 20
10 17 29 16
31 15 21 44
14 5 44 31
34 26 8 1
14 27 50 24
6 2 7 40
50 2 18 1
25 40 25 5
35 47 30 45
39 18 6 25
49 8 1 27
42 26 32 44
34 25 1 24
23 47 39 5
46 42 43 39
45 34 45 29
36 23 25 21
6 20 41 27
14 49 10 32
45 8 14 26
33 49 21 45
14 10 3 43
6 1 3 42
34 7 15 32
7 17 18 2
20 44 26 25
36 24 48 24
30 35 3 38
27 10 49 40
33 49 1 46
26 16 27 12
12 19 47 5
33 38 47 43
16 13 17 20
0 20 15 4
3 42 12 38
19 4 27 34
15 33 23 37
22 34 17 9
35 44 38 46
18 10 48 1
34 12 37 16
3 26 47 7
24 15 11 50
44 47 45 16
14 26 28 25
16 20 23 28
43 40 42 50
6 30 16 1
37 37 20 45
42 20 25 24
1 39 40 7
7 21 28 48
13 15 42 49
33 20 25 16
18 22 45 5
17 25 46 28
9 33 2 9
49 29 38 9
45 32 7 39
28 26 46 29
19 30 13 27
8 27 33 19
26 49 19 2
5 48 24 49
41 21 28 30
21 36 7 30
33 27 12 44
49 1 1 39
23 41 10 24
38 1 6 37
24 49 25 16
11 11 9 47
41 24 47 22
6 49 29 50
3 7 35 38
41 32 36 8
20 27 28 3
1 30 14 23
31 15 23 44
7 43 43 26
19 35 16 9
47 44 19 7
47 1 35 17
35 46 29 9
2 13 12 11
35 16 39 1
1 3 45 19
27 10 10 26
47 14 14 24
45 1 15 43
25 41 1 9
27 38 48 6
38 16 16 24
5 19 27 12
38 7 46 49
33 5 2 46
8 48 4 9
16 48 24 1
47 8 9 8
45 21 45 5
40 39 30 50
25 25 1 18
10 13 36 23
34 23 35 41
7 33 19 14
23 39 8 49
19 5 36 45
43 29 28 16
46 18 45 45
19 35 6 6
5 5 12 1
25 7 36 15
11 23 23 35
12 40 28 28
48 43 39 47
15 21 27 16
1 38 22 50
21 8 14 10
37 8 49 8
28 8 13 15
3 6 24 38
32 27 30 34
25 25 13 49
3 39 32 37
13 26 23 48
40 33 40 47
2 1 10 10
47 11 3 43
9 22 23 50
36 44 19 18
3 19 30 14
32 12 12 9
4 27 8 16
15 47 12 12
19 13 13 24
27 6 46 2
41 21 16 33
8 46 1 2
22 11 27 35
34 46 34 1
20 2 30 17
2 12 45 5
16 5 26 25
26 45 6 39
45 15 29 21
4 17 2 40
38 13 31 31
23 34 2 1
23 9 50 1
6 49 45 36
4 31 40 31
6 30 35 26
23 26 1 13
10 21 49 37
10 1 50 11
26 24 44 43
19 14 12 39
35 8 1 40
33 50 20 7
45 26 13 41
33 27 31 11
0 15 48 32
14 46 48 10
33 41 6 36
2 35 20 20
50 24 50 44
44 30 22 29
14 1 1 24
4 31 30 37
27 30 8 28
39 28 3 23
49 26 40 21
23 4 50 33
26 31 15 16
40 1 32 42
43 27 22 22
38 14 41 45
45 3 49 20
7 19 33 22
48 31 5 26
13 9 10 31
25 17 35 48
50 45 31 28
39 6 34 4
28 31 44 11
35 16 46 24
23 8 16 36
20 23 8 48
17 50 37 20
18 39 47 41
20 31 5 49
5 29 2 11
30 23 21 21
26 10 45 44
21 17 16 40
33 29 41 21
22 7 21 27
28 7 49 41
41 17 9 21
37 30 19 17
26 37 30 5
12 6 23 7
5 5 29 49
47 27 44 2
35 10 40 27
47 13 25 3
44 37 44 1
49 46 32 16
28 28 36 17
50 7 39 35
47 7 37 16
25 10 3 4
16 34 4 7
13 13 43 43
29 11 8 40
36 34 40 33
34 15 5 10
15 43 42 11
3 28 28 4
11 40 39 29
10 9 41 44
48 49 26 24
23 43 46 4
49 46 20 5
13 2 16 22
31 34 36 10
13 8 43 47
38 14 22 10
38 50 34 36
34 17 15 10
42 33 29 15
6 12 4 33
41 25 47 11
50 23 31 16
39 32 8 40
14 37 33 40
38 30 11 14
38 44 13 40
44 15 5 6
15 28 47 24
43 29 37 11
3 18 1 23
25 49 16 49
49 19 29 49
44 30 15 30
27 30 12 4
17 27 19 17
31 44 49 21
12 9 23 26
48 8 18 6
16 15 26 7
27 3 11 49
50 15 34 30
28 3 47 18
47 16 14 41
15 38 10 12
16 8 46 40
11 27 27 25
17 4 9 19
48 18 3 24
37 45 42 45
15 19 45 15
16 3 46 43
16 50 38 37
48 9 46 48
11 30 2 37
42 28 43 49
10 44 18 4
43 45 8 50
39 7 13 1
19 50 19 2
7 2 17 26
47 42 49 41
2 23 13 41
48 33 3 29
13 35 8 45
12 20 49 1
21 15 43 42
41 22 34 14
3 20 1 38
4 2 3 25
13 41 32 45
30 20 12 26
10 35 17 10
3 26 50 16
1 41 49 49
26 31 44 12
43 32 45 39
14 15 14 33
25 31 4 31
32 2 17 39
4 10 47 37
12 28 46 27
22 17 3 39
28 3 43 43
17 46 21 8
45 44 3 9
12 16 33 2
16 29 29 37
10 11 44 1
38 45 42 34
50 40 30 20
46 49 35 11
7 10 31 36
41 3 21 40
2 5 14 6
5 15 25 19
49 24 5 39
4 6 18 21
5 19 23 12
9 18 33 43
25 43 4 18
48 35 44 8
27 2 41 45
27 4 34 29
24 40 39 50
33 3 13 21
28 47 7 3
32 11 21 4
32 16 15 12
14 27 31 48
45 40 40 36
42 34 30 37
22 4 26 8
48 10 32 16
26 12 48 14
28 22 31 3
21 20 38 5
19 29 47 39
10 9 31 13
44 49 40 35
10 4 44 11
30 7 22 50
30 10 45 19
41 16 24 41
15 20 32 21
49 37 11 3
3 44 14 50
15 22 40 32
29 2 36 36
45 16 41 33
3 39 25 14
18 13 48 4
5 14 12 32
28 28 2 3
17 22 24 12
6 36 37 21
43 49 1 10
43 19 37 29
27 12 44 10
9 15 50 19
9 22 22 13
26 15 2 17
28 23 9 46
7 25 12 21
11 5 5 37
3 43 26 13
23 36 6 12
38 36 28 20
39 42 1 41
47 19 33 22
26 26 37 1
39 42 34 38
27 33 22 26
40 10 26 36
11 28 1 23
46 37 15 40
45 31 40 7
22 33 36 32
22 35 50 25
41 40 50 43
48 31 14 19
12 45 16 32
19 43 31 21
16 47 2 12
40 13 23 6
38 3 3 1
27 43 50 31
23 10 22 42
39 33 39 29
41 42 41 36
50 16 23 21
46 11 32 46
15 34 12 36
16 50 25 19
42 42 27 39
1 21 4 26
21 3 10 15
5 49 8 17
12 43 12 26
6 19 41 22
25 18 39 23
16 27 30 16
22 12 9 17
42 8 44 41
15 29 32 38
36 5 29 10
49 28 11 34
10 16 7 1
33 35 10 35
29 40 43 49
13 45 16 21
50 40 9 3
43 39 20 2
7 6 30 35
37 36 19 20
25 12 11 3
41 16 30 8
44 45 18 50
15 42 19 24
30 13 50 25
16 29 24 34
39 47 37 7
31 50 26 19
13 19 13 8
47 10 44 25
38 35 16 8
46 32 13 41
34 9 15 45
25 6 35 49
8 33 8 44
29 28 7 24
36 18 49 43
30 10 37 24
45 49 38 34
47 27 29 25
18 33 9 31
8 43 13 21
41 3 28 36
37 16 32 28
11 48 17 40
4 42 37 22
36 34 41 31
38 40 22 37
50 48 4 17
21 23 37 35
29 35 1 1
28 31 48 39
32 41 40 24
10 19 12 35
23 3 31 33
40 17 50 40
