1000 3
46 5 10 20
1 1 22 28
25 23 22 35
15 7 5 42
35 41 1 25
33 41 8 27
18 3 20 39
44 1 23 36
0 12 45 24
25 30 38 24
43 47 38 41
5 9 23 9
36 13 6 18
30 29 27 3
41 44 26 10
50 8 13 1
17 16 22 33
45 12 15 3
46 18 42 8
44 22 9 30
44 34 30 4
2 36 27 28
18 47 33 13
22 49 38 34
13 44 7 33
1 33 24 26
3 2 28 19
39 23 47 50
49 14 30 48
29 42 24 22
1 50 30 33
21 10 29 15
48 16 20 24
25 42 2 42
29 38 16 30
3 18 14 14
9 21 2 3
11 11 41 6
43 35 37 37
36 13 25 17
39 32 24 14
17 1 21 18
5 21 49 29
22 36 37 35
36 43 35 12
31 40 34 40
1 10 29 6
22 24 22 39
46 13 7 17
47 50 30 11
22 12 25 46
6 34 13 42
41 8 1 5
32 27 49 33
39 21 35 17
44 23 5 30
11 1 39 34
6 44 27 31
33 2 36 11
32 17 14 16
12 47 42 41
27 16 41 6
10 42 42 12
44 50 10 6
49 9 25 11
5 37 41 24
37 29 32 26
36 8 42 36
34 35 35 21
43 50 40 25
13 28 10 23
43 24 7 24
36 18 6 23
23 17 28 43
50 36 10 42
2 13 7 47
24 32 24 10
37 42 15 15
28 14 32 2
13 20 14 17
11 25 46 1
14 49 23 37
50 33 38 1
7 8 21 4
30 43 48 20
46 25 9 29
34 7 50 41
44 3 50 40
41 45 23 46
24 19 34 42
16 20 25 2
46 42 11 2
22 21 33 35
2 31 8 39
4 43 30 40
8 19 21 35
0 15 42 41
26 13 5 19
23 6 32 42
48 45 14 48
50 26 3 40
44 39 26 36
17 33 43 42
28 46 43 39
32 7 32 33
38 28 48 17
37 18 7 7
36 30 40 29
8 25 6 35
30 41 34 6
17 20 29 29
35 20 36 24
6 48 1 34
10 1 29 29
1 16 4 2
34 13 9 26
31 17 34 17
5 12 31 19
11 1 46 40
49 15 1 4
26 39 20 19
18 4 38 7
18 12 12 36
3 24 33 46
7 28 46 7
22 36 40 27
32 33 1 17
15 14 38 35
42 49 16 50
42 6 30 36
6 39 50 11
49 45 20 31
36 30 49 39
45 45 3 47
24 21 25 35
48 26 10 2
48 8 3 10
35 8 18 49
32 49 44 40
44 31 20 31
50 35 25 25
47 39 50 23
2 2 22 26
45 50 47 40
41 50 7 26
11 44 19 38
47 14 50 16
28 44 20 20
48 26 5 30
9 3 37 21
26 4 26 25
46 3 32 29
25 46 27 8
22 38 38 26
35 42 9 20
7 17 38 26
24 40 23 8
43 15 49 23
25 16 37 17
48 26 33 37
24 11 45 1
21 15 12 36
6 8 23 22
11 16 8 49
42 38 38 9
10 8 45 49
9 47 28 25
48 47 3 27
48 12 11 9
33 50 14 44
0 41 27 50
30 4 46 1
5 16 15 22
31 16 19 7
5 1 33 48
16 42 3 38
38 10 47 4
45 12 47 42
10 24 10 23
13 3 28 10
12 25 23 43
44 48 11 23
37 37 28 11
4 13 14 21
50 6 35 14
45 49 50 48
26 7 43 1
39 1 46 3
20 40 38 10
13 9 43 39
45 17 31 17
48 1 16 48
34 20 42 34
27 45 23 30
40 19 38 18
25 20 19 46
8 12 44 46
15 42 38 3
28 23 38 38
35 33 25 45
3 13 10 16
39 33 15 5
12 37 4 24
13 48 31 50
34 16 38 40
8 16 14 27
16 29 7 26
32 16 22 1
40 17 48 39
1 4 49 43
21 43 43 10
23 48 37 17
15 31 26 50
0 10 18 33
6 8 12 21
5 20 14 24
28 30 16 20
47 26 12 50
26 37 28 13
32 10 23 19
37 18 38 15
5 26 3 2
44 11 41 23
46 12 32 26
42 31 3 41
50 34 12 15
32 24 49 6
7 24 38 35
23 8 17 30
4 4 42 21
0 4 44 21
49 29 50 8
35 45 2 9
19 8 27 34
7 12 27 45
3 22 5 50
21 27 48 42
17 11 1 15
4 20 25 32
40 24 40 42
11 43 28 23
41 36 46 6
2 26 30 7
14 20 41 1
41 15 48 47
5 48 43 25
8 6 24 16
10 27 25 32
39 43 33 31
30 15 14 8
24 22 29 20
22 41 16 25
21 42 45 49
20 32 7 41
18 18 36 26
19 37 23 15
12 23 4 36
45 47 38 44
7 38 38 27
25 40 37 2
19 7 44 32
26 35 33 17
50 13 9 41
31 5 36 18
4 22 29 44
31 11 31 19
50 8 34 27
21 48 48 38
24 33 26 18
24 31 1 29
34 10 23 25
19 32 5 47
46 31 11 49
26 20 11 10
15 10 9 18
40 16 14 13
40 31 23 10
35 46 32 29
40 46 48 37
11 16 45 15
31 10 4 33
41 39 47 5
27 28 35 24
27 49 44 12
40 34 16 47
46 35 31 33
5 22 8 21
16 28 11 26
8 33 36 22
1 19 44 24
17 10 15 3
49 23 3 11
35 21 45 28
48 42 26 8
16 47 42 35
0 9 2 39
16 10 25 30
27 33 8 46
27 26 36 23
16 27 29 18
2 42 20 17
21 6 34 4
7 34 18 3
3 21 35 14
48 23 14 23
21 15 10 35
33 1 41 48
46 27 43 25
4 29 47 7
18 46 6 32
8 48 24 40
41 27 5 39
10 18 9 8
39 23 47 41
49 23 16 19
29 19 15 13
20 35 32 41
25 9 3 41
50 45 50 24
4 12 7 20
29 9 37 24
37 4 40 27
39 1 15 31
4 23 45 43
15 18 18 8
5 25 15 19
28 44 19 22
19 22 34 10
10 28 22 27
21 11 21 46
10 6 20 13
0 8 43 49
7 33 29 7
47 15 39 33
36 37 32 14
33 14 18 31
20 3 27 8
16 43 21 18
46 6 38 33
26 39 45 43
50 31 40 10
42 46 16 19
23 10 34 45
25 12 42 11
50 42 13 32
18 13 42 43
19 21 3 40
21 17 1 1
34 36 32 10
16 26 9 29
13 28 41 42
11 48 21 21
48 35 20 15
18 46 10 27
5 24 24 1
10 5 42 14
20 30 48 12
24 27 12 13
46 24 5 29
40 49 45 2
34 48 26 43
14 4 37 28
27 20 9 8
21 18 34 10
46 32 35 19
14 42 47 45
37 1 19 8
28 31 26 42
33 27 14 36
41 48 49 36
46 12 22 34
39 5 5 32
2 36 34 46
47 23 1 23
25 34 48 39
36 44 1 21
16 20 12 28
0 14 50 46
13 1 28 17
40 50 39 19
38 22 16 19
26 2 32 41
12 17 19 18
30 22 36 8
40 27 18 6
47 5 8 16
5 11 27 44
36 6 7 3
6 18 32 4
0 20 13 28
25 43 25 50
13 35 27 47
1 18 30 10
1 24 19 25
17 3 31 5
48 42 4 18
23 34 6 47
23 12 23 11
46 41 31 1
39 39 22 38
18 31 27 10
16 14 4 42
4 30 35 11
14 15 39 30
28 43 12 37
5 11 23 10
33 18 3 17
31 46 49 28
20 16 1 49
45 8 5 2
48 37 42 5
40 43 8 12
17 34 23 21
4 49 33 39
39 4 24 31
13 15 18 42
34 23 15 27
33 2 48 24
2 27 17 15
36 33 35 8
47 50 8 15
22 47 25 1
24 6 2 47
13 27 8 45
10 12 4 3
46 40 2 49
36 5 22 32
48 36 13 11
39 37 10 11
29 27 20 37
0 48 35 34
40 14 10 6
3 37 30 28
31 40 30 23
38 32 47 20
5 6 31 15
24 38 47 14
18 13 34 41
48 27 36 29
40 5 24 23
23 36 19 30
7 14 39 27
43 18 21 38
20 46 1 49
13 28 16 17
34 28 11 10
13 36 46 12
37 35 26 15
3 43 37 49
31 24 13 39
4 39 34 28
13 40 44 47
1 36 20 50
18 45 6 27
29 25 17 46
47 43 44 36
32 48 27 41
13 18 10 9
3 36 5 8
6 37 17 24
34 19 2 46
47 33 8 10
16 6 15 35
8 10 29 1
0 6 19 30
21 2 50 3
22 13 25 32
36 34 37 5
45 45 24 20
0 34 41 15
0 24 46 4
7 5 39 45
6 28 25 48
49 36 35 37
14 16 5 25
47 24 39 14
7 46 36 34
22 38 37 28
50 16 21 16
31 11 4 41
3 23 1 18
4 42 33 15
13 34 45 10
33 29 32 36
1 24 15 48
31 40 46 42
29 19 4 12
50 3 26 23
7 18 32 10
37 40 9 37
36 30 21 3
13 12 39 7
42 9 17 49
12 25 34 27
32 6 19 35
7 6 20 21
40 42 45 28
4 42 15 35
38 41 9 25
35 4 26 4
39 33 15 27
50 20 13 36
23 29 29 45
16 22 16 46
0 15 2 35
38 14 4 2
46 15 21 29
9 40 18 41
30 17 43 39
37 3 13 5
24 29 44 40
28 36 2 35
6 23 19 41
13 24 41 10
10 50 9 15
32 32 5 14
43 23 35 6
17 46 32 22
25 11 6 37
30 40 16 2
19 6 3 46
28 32 21 26
22 15 31 7
0 32 43 2
49 43 32 14
11 36 6 43
0 4 5 17
3 37 35 40
0 5 26 32
39 40 29 8
13 23 11 36
12 16 21 46
40 2 35 10
31 26 18 44
49 19 29 1
42 28 1 22
21 3 22 49
39 21 20 23
15 14 48 32
22 9 30 3
36 15 26 17
7 44 42 31
42 39 23 13
40 10 2 11
23 1 10 28
25 31 41 21
13 13 32 23
22 15 44 13
45 36 14 8
29 19 44 40
8 13 7 35
23 21 34 28
26 6 35 19
26 13 28 44
48 29 42 33
8 46 5 30
47 30 13 5
29 42 14 27
29 48 30 3
10 15 34 18
3 26 19 41
8 4 22 43
47 7 5 50
39 12 38 41
39 24 48 10
33 43 27 19
20 19 45 7
24 10 3 25
49 38 23 14
26 41 18 23
27 6 46 8
32 10 21 14
41 17 22 29
15 26 4 50
30 28 42 39
13 14 31 4
25 50 45 27
10 37 11 1
4 30 30 14
46 27 31 17
46 34 7 45
10 35 2 42
22 41 15 24
3 1 32 38
5 49 4 7
2 17 30 3
11 21 47 35
27 19 29 30
30 28 39 42
20 1 22 35
13 46 19 44
50 41 41 25
13 26 14 14
41 25 44 24
21 43 8 19
27 22 31 10
19 31 48 10
23 43 32 33
34 50 23 12
24 23 35 41
6 6 24 8
18 27 31 11
36 7 10 15
15 14 35 29
26 4 17 30
33 37 19 50
26 18 12 26
11 8 29 10
12 24 25 10
34 4 15 23
48 24 10 34
30 34 41 26
38 42 44 25
11 30 15 37
49 39 13 8
43 43 14 23
47 22 9 13
34 11 48 46
8 47 36 33
33 16 26 41
5 42 46 13
15 5 37 13
48 15 11 46
26 6 40 20
4 7 44 9
33 41 45 1
16 26 16 23
36 30 24 11
15 40 36 22
29 29 44 48
16 39 49 45
33 19 42 36
45 15 28 10
4 25 1 44
25 22 25 29
34 2 34 50
14 32 50 18
30 7 1 11
48 16 18 26
11 48 48 43
18 45 11 46
13 49 48 34
16 17 46 37
38 8 17 30
19 30 22 22
40 22 48 18
50 2 25 27
29 28 21 21
21 11 27 48
7 4 14 45
36 21 14 20
17 21 10 34
36 5 38 4
50 43 33 28
20 15 35 37
34 4 26 1
17 8 40 28
24 45 27 7
39 15 46 33
28 11 2 27
9 18 42 26
9 2 33 20
4 47 45 18
3 19 8 50
40 23 1 22
19 25 42 42
49 43 30 38
5 2 20 16
44 25 3 20
20 9 21 29
2 50 31 41
20 1 7 12
28 2 21 1
26 4 25 24
24 34 25 44
5 26 4 35
43 4 18 48
9 37 21 20
39 39 20 6
47 43 12 40
23 13 37 27
20 6 38 10
19 13 30 3
33 29 41 30
9 6 24 6
20 24 10 37
35 44 44 36
14 45 10 13
28 3 43 47
23 20 28 32
39 31 39 48
9 33 26 26
50 30 4 9
42 28 17 38
19 24 31 46
20 26 2 7
44 23 31 12
16 28 23 17
3 39 50 18
9 13 28 12
37 3 43 11
4 32 30 40
30 22 10 6
37 3 50 24
10 7 31 24
17 41 9 1
41 48 44 49
10 18 39 46
38 8 41 32
27 28 15 12
40 32 20 39
14 11 30 36
10 47 27 20
16 2 26 6
45 40 10 6
16 18 1 31
31 7 16 21
3 45 7 11
44 18 49 5
24 13 37 2
33 38 34 32
14 45 19 30
40 23 7 36
42 2 11 33
17 19 7 33
43 49 35 45
26 32 30 27
42 43 20 39
44 4 39 17
0 22 8 46
22 47 49 47
32 3 33 48
12 49 46 50
10 35 5 40
26 6 6 48
7 16 29 19
33 5 10 17
40 50 20 19
4 3 20 37
49 40 36 40
42 27 7 1
12 24 28 35
49 10 3 39
28 28 23 18
1 3 10 15
23 17 6 41
43 34 14 23
14 18 1 18
21 33 39 25
11 28 46 42
28 27 28 10
14 32 33 16
49 5 25 20
29 21 17 22
17 9 11 50
19 11 20 25
47 12 26 4
32 27 8 15
25 41 11 5
8 9 19 22
4 25 19 29
21 46 40 13
50 46 11 43
27 43 31 31
28 42 41 14
3 2 25 49
22 41 45 22
29 15 26 6
49 2 50 15
7 50 18 22
39 42 1 41
22 17 46 3
39 43 33 9
5 18 44 10
10 2 47 29
28 3 35 14
39 50 2 22
21 43 34 33
14 39 11 36
10 48 14 4
17 16 2 24
31 5 20 19
44 16 41 19
31 5 47 27
50 13 21 23
26 49 37 22
44 5 7 9
38 39 7 37
9 41 27 43
37 18 16 8
25 16 38 12
4 37 10 26
4 41 41 46
31 33 4 22
2 15 1 17
36 1 5 42
49 24 15 12
20 45 13 14
17 35 36 42
35 39 34 29
31 24 13 37
39 20 4 2
11 19 35 19
12 9 16 28
7 27 26 35
9 3 37 25
41 49 36 34
31 40 20 20
25 12 29 43
7 23 10 4
11 37 42 41
0 45 20 22
20 15 27 12
43 44 18 18
26 23 19 50
3 41 22 30
13 12 36 34
46 34 17 48
23 19 19 8
2 44 15 24
42 9 16 4
24 8 38 15
39 28 31 3
27 36 40 23
12 42 43 35
27 27 21 44
18 32 44 42
20 24 41 16
12 23 13 27
6 34 44 18
29 44 34 2
27 42 18 11
40 31 11 2
33 40 40 16
16 16 11 43
9 16 46 48
26 47 12 21
10 43 39 11
35 1 17 33
27 15 1 31
24 18 31 42
34 34 18 21
8 30 8 25
10 27 7 31
10 28 16 35
35 8 18 11
25 39 29 46
43 39 45 15
41 2 11 35
37 39 17 9
3 4 7 30
9 39 1 46
18 38 49 48
7 34 50 36
19 32 33 27
23 11 26 16
13 34 40 10
2 5 6 33
40 25 19 31
8 47 47 27
19 22 43 36
39 10 16 40
7 32 7 23
37 43 20 17
39 18 28 50
27 25 50 36
8 47 39 6
13 20 22 33
35 16 30 24
11 1 16 37
13 33 10 10
3 46 33 28
32 41 33 35
40 38 22 19
9 37 46 50
25 46 24 22
11 16 42 31
3 12 12 6
22 9 23 10
20 35 13 28
49 9 7 35
49 7 5 19
39 42 37 39
9 24 3 35
31 47 42 16
31 45 4 24
32 31 29 34
10 42 17 40
18 13 40 18
9 9 45 25
44 19 23 1
13 25 27 29
41 9 49 37
11 15 22 19
17 27 22 18
14 35 33 24
41 35 25 50
17 11 40 2
5 23 1 18
14 31 3 23
42 21 50 48
47 21 39 13
43 14 30 31
5 6 29 22
14 25 22 40
34 50 21 36
47 47 31 8
8 37 26 42
43 35 44 28
16 47 44 15
40 35 16 17
36 12 37 49
43 20 40 22
33 50 24 16
48 11 41 27
33 11 32 37
45 3 27 48
44 15 6 10
27 31 44 12
18 22 21 7
45 22 34 30
40 42 8 12
34 34 29 44
3 45 1 25
1 16 48 33
25 22 5 17
50 3 6 11
2 48 33 31
22 5 9 43
43 28 29 28
35 19 5 39
34 50 48 37
35 44 17 24
33 8 44 24
9 3 13 5
31 34 4 32
25 25 45 10
12 46 33 15
26 26 2 9
28 9 38 19
16 10 27 36
8 35 9 15
37 16 18 24
39 20 37 43
1 36 47 32
36 50 24 16
7 8 24 30
9 1 37 24
47 11 37 2
41 36 46 22
45 20 31 36
37 35 11 18
31 32 44 46
45 29 31 6
39 38 3 17
49 16 19 7
34 12 11 37
33 10 18 11
30 25 41 6
15 36 10 4
2 47 16 48
13 44 3 25
9 25 23 37
13 19 6 17
15 7 32 31
37 32 26 25
4 11 45 49
26 5 38 46
46 43 39 33
12 22 13 44
33 27 8 45
38 1 31 6
37 8 26 9
49 8 38 3
23 28 30 38
41 11 24 15
11 25 48 44
1 35 27 48
37 4 38 44
39 33 25 4
49 35 19 42
13 47 35 33
44 39 41 32
36 32 27 33
38 34 39 11
0 45 42 30
50 34 44 46
24 2 50 46
32 50 24 41
27 34 48 17
13 46 9 16
18 17 20 10
2 24 24 26
3 35 4 20
39 29 4 1
47 22 2 41
10 45 16 34
17 27 20 39
47 36 15 42
35 37 36 29
