50 3
6 7 22 14
39 15 31 50
50 37 3 39
11 31 28 38
6 35 3 34
30 42 27 20
25 6 14 17
23 46 18 44
39 39 9 36
23 40 35 33
21 39 24 5
48 1 44 9
39 46 44 4
33 23 25 31
13 38 47 38
39 14 33 39
1 41 24 12
20 10 44 6
35 19 12 21
13 5 29 9
33 25 12 41
5 36 21 28
37 20 17 9
46 49 47 41
20 22 2 21
3 48 26 33
44 39 3 37
13 34 45 46
19 6 36 8
43 9 37 17
43 3 26 12
34 24 3 43
13 4 13 28
16 40 12 19
1 15 5 22
27 50 18 9
21 3 18 50
26 4 16 38
27 43 2 10
2 6 2 14
42 17 43 12
28 5 32 34
7 36 5 20
4 22 30 44
21 47 43 39
5 10 29 9
28 30 18 21
8 21 34 45
33 26 8 45
32 39 28 50
