100 3
3 4 34 21
40 38 50 41
2 18 19 8
27 6 27 29
27 50 34 9
0 10 27 10
25 10 38 41
33 17 9 45
5 38 2 35
31 22 24 7
40 17 10 48
14 48 1 9
23 45 34 16
6 5 40 10
13 30 8 29
36 26 13 13
10 28 40 34
42 45 13 27
6 46 12 18
1 8 9 29
28 1 30 4
19 41 19 25
36 23 37 13
37 45 45 37
40 2 19 2
19 48 45 6
3 14 2 9
3 26 35 35
35 45 28 20
44 43 6 38
36 18 9 1
31 22 1 5
30 27 26 21
43 16 12 22
16 40 37 45
23 22 2 6
2 15 14 36
9 34 17 1
27 33 7 39
50 43 10 15
36 15 7 25
9 50 19 39
36 23 17 21
31 16 43 29
25 28 38 21
31 26 2 44
18 45 14 37
9 50 43 10
1 47 30 3
29 47 5 49
37 28 34 13
13 39 9 35
14 2 49 22
20 42 11 42
4 30 27 39
49 14 42 43
40 18 23 31
30 14 38 24
20 21 1 44
31 47 5 45
45 5 31 7
33 2 15 38
29 11 21 41
3 11 45 1
2 32 5 26
4 47 41 23
44 8 50 34
41 11 42 30
40 13 31 46
10 16 44 48
44 7 17 1
39 45 12 15
28 15 21 23
24 2 36 18
20 14 11 15
42 26 22 10
31 28 15 40
49 12 38 2
21 15 16 47
44 25 47 32
35 35 13 15
25 3 21 6
25 12 2 47
39 14 33 44
43 50 2 45
28 38 11 45
40 15 34 39
14 21 42 20
14 27 39 13
50 50 19 35
22 5 26 23
46 47 42 29
26 6 2 15
25 2 29 12
31 26 45 5
47 17 28 39
20 6 50 44
40 5 5 25
6 42 23 45
41 36 48 16
