999 3
0 43 34 17
38 31 26 24
7 31 38 10
45 21 38 32
39 8 22 31
10 28 42 11
39 48 40 4
6 32 9 34
4 39 18 44
29 16 28 20
29 14 29 43
32 48 43 13
8 8 50 47
24 50 25 31
42 37 21 27
13 35 5 37
47 34 30 45
35 20 29 5
8 43 26 1
46 16 26 34
10 23 41 12
47 8 24 25
43 42 39 38
16 45 4 23
33 3 47 38
49 9 29 30
10 50 13 21
1 8 21 39
18 40 26 24
21 30 23 48
36 14 15 34
21 1 21 19
35 8 36 25
44 41 48 35
46 40 29 24
6 44 42 3
49 10 31 17
48 42 17 36
40 18 5 37
49 34 34 31
41 18 38 3
27 40 16 30
45 3 2 18
3 28 46 33
7 42 43 2
16 37 10 42
19 5 24 46
39 47 24 26
18 20 41 9
25 30 8 10
45 12 33 24
19 42 37 43
6 50 12 27
44 8 14 8
2 7 7 3
33 10 5 38
27 7 14 9
49 50 32 1
23 47 19 38
25 19 38 34
20 33 27 15
29 12 8 12
19 39 20 16
17 30 14 12
37 48 23 2
30 49 49 20
12 34 35 2
17 2 14 32
47 28 21 10
3 43 46 9
29 5 46 6
7 36 11 18
43 35 5 9
2 36 15 13
36 40 30 37
5 37 10 22
42 10 36 2
31 26 4 32
4 36 38 12
47 50 9 22
20 42 49 37
1 15 18 45
3 26 4 40
10 33 38 44
37 18 50 50
8 16 13 31
2 10 26 7
13 27 1 23
50 11 33 9
24 3 48 15
0 13 23 15
40 32 1 28
19 26 21 25
20 43 31 10
33 9 47 2
33 49 50 20
10 37 47 33
13 35 7 22
3 21 42 38
9 37 22 1
20 40 33 44
30 25 22 47
33 30 12 42
43 28 43 7
28 31 22 2
15 18 33 5
22 40 50 40
29 6 7 24
5 46 46 16
17 10 3 37
32 46 11 6
24 44 10 42
50 13 2 42
23 12 35 21
11 37 17 44
15 24 16 46
34 49 46 25
28 45 23 39
1 20 50 12
47 22 30 28
48 1 33 6
23 35 44 49
12 35 28 20
24 15 2 17
25 39 20 41
39 1 23 46
1 9 34 24
49 7 48 14
12 36 24 30
24 3 28 22
20 27 41 11
40 8 47 22
7 38 2 43
42 50 6 4
14 44 33 9
14 5 50 38
19 38 17 31
36 35 39 9
50 11 2 9
16 25 1 50
3 18 6 25
47 8 28 50
36 32 5 47
10 28 26 8
34 16 40 11
3 4 11 44
41 27 11 38
7 49 10 5
50 11 7 21
14 37 25 45
33 16 26 39
11 1 40 19
9 26 2 38
0 20 40 2
35 39 22 33
12 6 28 47
12 36 9 31
0 39 47 18
39 14 45 32
13 33 11 28
35 18 14 21
37 35 14 25
31 42 22 4
45 4 34 15
28 20 40 15
6 46 32 32
26 10 39 13
29 23 17 40
50 4 12 1
19 13 42 3
10 37 41 50
9 50 4 34
14 1 23 4
13 32 27 21
18 49 14 8
23 13 13 48
34 46 19 31
27 48 1 3
45 10 35 2
50 1 25 29
29 11 36 42
17 9 9 2
16 4 7 38
8 15 10 24
6 5 22 37
32 44 21 23
36 4 45 33
43 35 41 5
28 32 2 30
5 47 48 45
44 36 18 25
40 35 32 21
22 44 10 6
0 4 7 11
42 9 32 12
47 15 37 28
28 12 42 28
32 43 2 33
27 28 8 18
39 36 7 12
4 35 18 22
8 2 33 11
43 41 8 38
43 18 11 40
23 30 45 12
0 37 44 42
1 6 39 17
0 35 1 18
41 25 23 11
41 33 50 11
47 19 2 15
1 48 34 7
27 42 46 16
45 15 47 50
46 7 9 47
30 4 19 21
12 8 18 40
22 4 7 20
7 40 15 35
2 14 32 27
18 24 19 2
15 5 16 20
24 1 5 9
9 48 47 13
9 15 3 50
5 18 9 15
32 26 48 30
1 32 10 23
4 20 45 18
43 29 33 44
21 21 34 15
40 17 30 21
17 14 42 48
1 6 44 27
9 2 24 46
17 4 4 47
12 4 12 34
29 48 48 42
32 45 4 7
42 6 17 30
31 26 19 15
0 33 1 14
3 40 22 50
29 33 1 13
20 7 42 39
34 23 18 43
19 31 41 35
35 2 47 45
49 9 20 36
19 4 1 48
27 40 33 39
21 39 4 31
47 42 47 7
8 38 4 35
15 45 20 8
42 36 3 43
31 22 20 42
4 39 11 1
34 39 30 45
30 49 32 41
15 34 28 1
9 46 49 3
45 10 26 3
23 10 7 43
22 2 18 9
12 17 41 14
44 36 30 30
36 33 46 8
35 23 3 6
36 33 38 34
22 16 28 37
5 10 5 15
34 17 28 10
45 13 31 37
3 43 3 13
49 9 17 28
27 45 38 38
45 40 14 8
0 26 42 31
39 19 21 26
47 15 6 26
50 5 3 42
48 38 6 40
44 45 40 39
42 30 37 21
17 23 12 43
50 23 45 48
6 27 32 7
29 40 29 18
17 11 47 27
25 15 28 48
16 33 23 40
40 27 50 37
6 8 44 17
2 47 30 22
29 16 39 23
8 8 24 39
5 21 12 15
34 2 14 38
20 22 33 20
10 35 36 44
13 45 38 3
29 20 13 22
26 21 47 48
35 30 9 37
8 27 37 23
34 17 29 4
45 45 41 40
42 14 16 27
5 33 44 13
34 19 33 1
5 38 34 27
21 29 36 2
36 7 33 17
45 23 25 44
50 18 49 13
43 10 8 16
12 19 5 20
32 26 12 16
20 16 27 43
2 31 48 32
31 43 32 32
10 3 26 14
49 5 10 6
46 40 24 20
5 3 45 24
46 49 10 44
7 31 38 1
16 37 48 6
39 38 14 35
27 21 27 32
13 28 35 2
37 9 9 29
9 45 10 14
38 11 27 9
22 35 31 42
16 5 35 29
47 1 1 22
32 9 23 43
23 4 27 46
50 50 49 1
36 2 44 14
22 39 14 16
35 28 4 32
35 33 5 28
40 50 4 39
45 43 15 39
48 19 17 3
47 2 33 1
27 47 6 45
49 23 18 47
21 21 5 39
16 22 47 4
36 2 11 44
48 35 29 44
50 30 50 11
21 38 7 16
24 35 49 8
13 32 44 49
47 32 38 21
1 33 6 2
40 45 5 25
4 4 34 26
0 36 16 41
7 39 2 4
2 29 38 19
50 40 32 2
46 41 13 27
28 8 24 40
2 32 42 26
40 26 14 14
15 7 40 14
37 23 43 7
2 18 35 15
31 2 45 24
39 45 18 44
8 4 10 17
16 4 47 25
15 31 39 45
38 31 26 48
6 39 33 24
7 31 7 44
23 31 26 22
24 12 39 49
45 34 1 24
18 9 34 39
41 33 33 22
47 34 15 42
3 5 23 24
41 20 14 49
8 6 19 34
29 33 39 50
46 13 40 43
15 26 20 19
6 11 31 15
19 35 49 15
29 7 3 39
48 30 10 35
45 20 21 23
40 25 49 35
50 10 10 35
31 49 7 24
29 26 34 24
14 16 20 43
37 12 38 1
18 12 27 33
31 11 12 43
46 20 20 48
17 47 22 10
41 30 41 37
42 14 14 35
25 30 46 42
2 12 8 27
46 20 9 46
5 41 22 35
45 41 32 31
38 40 12 47
16 22 28 16
36 30 42 4
4 12 48 18
45 37 9 13
49 41 48 23
42 25 32 44
3 45 22 47
8 25 44 14
8 50 29 21
14 20 23 50
27 21 20 25
24 35 39 15
16 24 41 19
29 11 43 23
42 18 44 40
3 21 34 24
38 31 32 8
0 14 8 3
30 7 21 42
49 48 19 25
8 38 39 44
29 13 40 39
37 28 10 17
8 7 21 34
30 34 49 24
44 13 1 29
35 16 13 8
40 44 21 18
47 1 42 26
0 2 1 26
34 1 48 14
3 48 5 22
17 6 46 1
4 16 24 24
11 50 46 20
31 7 34 5
22 21 29 6
19 44 32 38
7 29 26 16
35 43 2 33
25 39 34 36
22 1 40 30
39 7 33 20
28 41 17 44
35 33 32 27
8 40 15 25
19 3 44 25
19 49 46 41
35 44 29 5
48 39 15 31
44 25 20 50
31 40 8 11
22 39 4 11
45 27 49 41
8 43 10 9
36 1 49 38
50 24 37 45
34 37 49 21
35 27 12 36
38 38 33 21
0 33 32 7
27 47 14 27
31 42 6 49
22 10 17 17
16 37 29 20
0 43 28 18
11 39 29 11
22 25 37 2
40 15 33 20
7 41 41 7
18 45 24 31
37 32 12 31
22 4 47 32
27 43 48 9
13 17 2 7
6 50 39 49
41 50 33 47
29 16 48 39
14 15 10 5
45 17 40 16
21 21 29 27
0 38 11 14
44 46 15 27
33 11 42 20
24 30 43 43
39 23 26 19
7 2 46 18
27 18 12 24
30 15 9 17
20 33 25 8
48 19 36 41
18 50 29 50
37 22 11 35
37 50 28 10
12 34 30 29
48 17 13 48
4 42 9 38
1 42 26 21
12 2 21 7
17 21 2 18
49 28 45 32
21 32 33 38
20 46 23 22
34 16 18 33
34 29 50 15
16 33 30 43
3 30 49 33
42 44 46 39
22 48 42 8
2 31 33 12
33 39 14 21
35 38 42 4
37 46 27 17
2 46 50 8
29 4 21 20
36 32 2 9
41 44 42 8
12 50 23 43
30 20 46 29
45 9 7 10
27 37 30 47
13 46 5 4
47 18 23 22
27 46 36 41
43 26 17 24
37 7 5 2
41 9 6 44
3 14 11 31
21 39 32 35
26 4 16 18
13 29 49 48
15 16 17 11
10 6 21 45
50 42 38 15
29 18 3 13
42 8 43 29
42 33 4 12
13 31 48 43
34 12 9 12
1 30 18 11
46 19 26 24
39 4 19 1
43 20 37 14
5 27 35 20
50 34 44 24
30 35 15 50
19 46 40 14
31 19 48 28
22 28 2 22
47 3 40 18
1 3 7 25
43 4 46 1
42 48 42 26
31 36 23 8
35 20 11 43
50 3 14 9
2 9 27 12
17 44 15 28
30 28 15 31
36 31 14 6
6 1 41 8
22 32 33 13
48 37 41 33
18 8 32 44
3 17 26 2
3 23 35 47
35 13 47 10
13 32 25 41
31 31 19 21
48 4 44 38
50 34 47 28
41 50 49 4
30 48 24 33
28 10 26 8
15 8 21 7
48 26 38 37
17 22 12 31
15 38 6 23
12 23 25 32
46 43 29 27
49 33 22 20
0 33 20 37
44 20 20 32
19 44 22 13
5 17 32 50
28 29 6 20
0 31 10 14
35 35 2 5
37 15 41 19
14 23 42 17
28 47 3 25
49 1 21 24
0 42 39 40
19 33 33 4
36 34 23 9
4 12 15 9
14 44 38 47
26 34 23 5
4 24 42 37
46 27 23 13
0 4 13 48
33 50 38 7
27 11 21 6
3 1 28 46
6 13 24 9
44 22 39 25
46 34 39 28
23 1 40 19
23 24 22 50
10 17 12 5
20 26 42 49
39 4 18 48
21 32 22 33
9 44 4 19
5 18 1 33
20 47 4 9
11 22 27 48
33 18 34 47
11 46 23 13
20 40 41 10
30 28 39 11
23 6 48 16
35 47 32 1
42 31 29 43
50 32 22 19
37 1 23 48
29 45 30 14
29 11 33 36
21 8 47 7
5 33 45 32
16 44 50 15
39 20 15 15
22 16 25 36
22 12 17 16
6 50 50 43
27 46 24 35
34 39 3 50
45 37 32 9
37 29 22 40
40 16 31 29
45 45 40 21
29 3 27 2
18 21 44 41
9 33 36 49
48 23 41 38
28 3 15 43
2 4 21 48
24 25 10 22
47 17 2 45
13 11 26 36
34 27 16 13
20 20 42 49
50 4 25 24
28 36 47 1
21 12 4 48
23 42 4 31
10 34 21 17
46 16 7 49
24 33 41 28
47 3 20 31
40 28 47 22
45 18 50 22
8 21 50 31
21 16 33 32
23 45 11 10
25 28 35 20
24 3 36 8
42 41 18 41
19 21 37 29
47 27 24 20
29 3 25 2
22 20 18 12
14 50 21 10
32 42 48 48
6 36 38 29
34 31 8 4
3 29 35 5
3 40 30 16
7 4 34 11
33 7 38 29
19 20 42 5
30 25 46 6
47 31 13 9
28 13 24 10
32 3 25 45
6 1 33 39
31 3 12 45
25 28 23 20
14 11 40 39
49 47 8 28
22 27 28 50
2 46 5 5
29 31 14 26
28 39 27 45
50 17 47 33
14 33 19 40
45 44 9 31
27 18 7 2
37 46 37 29
21 24 18 43
47 26 13 33
10 37 27 38
6 45 49 7
8 3 32 20
33 27 30 44
44 16 50 15
33 30 11 10
2 41 34 41
0 25 1 2
19 39 32 16
40 11 33 10
5 17 22 15
4 21 44 34
30 47 48 27
44 47 4 32
13 35 45 15
30 9 39 15
37 48 18 35
1 16 30 44
2 30 4 46
38 12 48 30
26 27 40 41
16 16 27 12
32 49 15 19
46 48 41 14
24 3 7 30
25 18 19 39
2 27 39 19
23 24 1 40
0 8 2 24
46 47 13 39
24 29 18 10
30 30 30 2
22 26 30 5
1 7 27 49
19 30 13 23
33 28 1 32
39 24 11 19
13 14 8 10
4 45 36 37
6 50 37 29
42 9 40 2
15 9 9 1
41 33 14 28
48 33 7 39
42 19 49 10
8 44 20 11
24 8 38 6
31 49 46 10
45 15 17 22
50 40 26 34
17 48 15 34
5 8 7 47
39 38 17 44
21 19 44 44
49 22 38 5
12 3 16 28
9 44 21 41
35 35 40 38
26 25 31 46
0 2 47 7
0 25 29 27
42 2 26 2
30 25 39 6
43 8 9 36
44 22 18 33
44 4 25 46
45 48 6 39
18 3 23 31
2 34 10 8
5 20 37 1
44 10 12 40
43 24 36 21
38 25 46 15
32 6 5 13
35 47 11 29
40 33 6 9
12 15 9 20
35 50 48 42
9 41 5 42
44 8 36 9
50 45 22 30
11 21 37 21
12 20 22 44
16 1 37 32
1 41 2 42
0 25 32 1
3 26 21 22
23 37 5 21
45 20 34 25
22 13 33 13
26 8 7 12
47 41 31 7
17 5 28 6
17 28 49 39
23 26 3 37
0 39 30 33
48 37 35 41
27 2 28 33
45 49 40 7
21 30 2 20
7 41 24 18
4 22 26 49
49 2 19 36
0 41 28 30
19 32 2 33
50 21 16 14
46 10 25 44
22 18 47 31
37 42 13 39
11 28 17 46
25 6 37 1
41 16 24 18
4 42 19 34
15 12 46 21
28 33 35 36
18 9 40 32
8 38 34 18
45 16 34 45
42 20 37 4
46 23 33 18
23 9 15 29
3 10 33 2
25 50 15 24
26 29 46 1
28 36 50 45
2 48 37 11
16 37 49 25
31 27 17 28
50 29 11 29
25 36 1 32
36 22 37 43
41 37 28 36
39 47 21 48
28 31 45 12
6 2 41 41
21 50 15 19
3 36 30 43
1 2 49 29
27 5 19 43
17 34 5 20
35 45 44 42
49 41 48 42
4 30 49 44
33 32 32 24
36 28 18 31
18 26 25 26
8 3 10 21
20 32 37 9
28 31 2 21
24 10 40 11
32 33 11 48
31 19 21 9
0 15 26 46
43 45 27 16
35 12 1 26
1 41 49 25
17 46 17 35
33 8 34 3
50 17 24 26
19 49 40 21
15 38 1 45
14 26 47 35
39 31 44 6
19 37 25 50
21 41 14 37
19 35 30 12
1 5 40 18
14 45 37 38
25 12 13 11
32 43 35 15
36 34 32 40
34 15 17 16
8 16 32 27
17 16 11 7
45 10 25 11
8 22 49 46
31 21 18 28
46 40 29 39
19 28 20 25
39 19 43 19
35 49 22 35
7 47 36 47
9 20 34 19
41 11 21 36
47 7 47 4
31 15 8 12
17 43 20 20
2 47 23 37
49 29 31 49
30 4 20 25
27 6 12 18
28 32 11 11
22 34 5 23
23 41 40 35
16 47 20 46
11 10 31 32
24 48 14 21
47 43 28 32
46 49 38 44
7 50 9 4
13 28 40 4
33 13 13 40
12 10 38 2
2 9 20 44
16 12 32 34
50 17 14 35
5 30 1 5
19 6 15 32
18 28 48 41
30 24 25 6
22 27 34 41
13 21 44 6
8 26 47 9
4 16 25 18
4 29 6 31
40 25 32 22
45 42 27 11
8 2 50 41
8 17 20 49
13 1 35 9
18 32 9 24
1 2 31 32
45 10 10 10
8 7 34 19
27 8 50 25
16 35 22 32
24 1 33 6
21 41 39 35
9 39 11 44
31 16 48 45
25 6 16 29
46 5 50 27
36 8 4 39
16 2 35 25
34 11 5 2
45 9 25 39
0 34 21 31
48 48 27 44
48 3 34 32
6 6 26 6
6 35 10 12
21 41 8 11
47 46 44 10
16 49 9 28
41 11 34 18
31 11 8 17
8 26 1 12
18 24 21 11
28 10 30 23
34 33 25 46
46 18 50 41
49 39 15 47
50 10 36 29
38 8 8 32
8 28 32 12
26 42 42 49
17 8 41 9
28 33 22 13
23 33 28 7
6 5 35 48
8 34 4 48
49 1 23 32
36 43 40 31
50 26 14 10
37 21 7 48
27 11 17 35
25 3 14 13
38 35 35 10
17 42 50 4
39 40 11 2
30 11 44 40
1 3 36 27
11 13 13 37
20 6 31 36
38 24 40 1
38 38 16 5
42 14 34 39
25 29 1 2
0 15 43 28
46 1 25 8
31 32 14 17
