999 3
36 14 15 7
21 12 35 11
12 30 46 1
44 38 31 48
44 4 23 16
18 35 49 8
28 17 23 43
29 43 18 23
36 18 6 27
18 32 42 24
20 38 11 2
19 37 34 4
42 6 4 38
23 10 21 25
14 32 29 20
25 44 18 17
10 1 39 49
42 11 33 8
31 48 39 3
41 12 49 48
43 10 49 10
25 47 39 32
18 29 37 3
18 29 36 11
29 18 49 5
37 35 12 22
19 13 33 20
45 17 13 42
27 25 48 31
30 12 6 12
40 19 11 20
47 21 21 28
47 1 23 3
41 5 18 5
38 32 2 16
44 3 31 43
29 22 30 9
41 45 10 33
46 16 44 31
45 8 2 11
25 48 10 46
18 35 16 3
11 17 29 32
18 22 20 39
41 13 25 7
28 21 4 44
50 29 43 3
37 43 37 17
26 18 31 19
28 20 32 24
38 29 25 17
36 2 20 42
20 24 43 44
14 32 43 40
29 13 23 15
32 15 38 35
38 27 12 17
16 47 8 36
30 29 42 38
11 19 6 10
32 46 47 22
16 44 6 4
23 41 16 23
43 31 23 50
45 3 44 27
50 30 5 49
44 37 50 11
31 10 49 15
39 20 8 37
47 21 5 25
47 6 23 50
25 45 41 22
20 10 42 9
25 30 4 50
20 32 43 5
21 39 9 19
24 50 14 12
36 18 26 36
39 5 31 28
34 19 41 40
34 32 22 39
24 22 50 4
25 50 3 49
46 25 50 39
22 14 26 44
28 24 8 1
45 13 29 40
18 7 1 33
27 43 12 48
19 19 21 40
42 42 32 35
27 46 31 25
10 13 35 37
37 14 29 7
38 2 3 27
47 10 42 32
21 44 43 27
45 25 28 9
45 14 50 11
43 11 23 10
13 49 32 28
24 11 8 50
43 44 43 44
50 13 3 7
20 34 2 17
13 26 35 15
38 20 23 49
42 23 3 21
44 41 39 33
22 6 20 20
18 37 17 46
31 13 15 26
42 41 29 37
13 10 2 32
14 45 28 33
37 21 12 38
47 35 41 15
30 3 18 27
30 16 15 26
43 34 46 20
45 18 38 6
23 33 12 28
27 39 23 6
30 9 41 13
37 21 34 13
45 17 19 6
32 27 28 33
47 1 16 19
34 4 38 35
46 10 2 29
31 8 23 26
23 34 41 32
11 16 31 17
37 40 36 22
22 8 5 49
48 44 21 3
26 15 35 15
14 20 46 14
28 39 43 19
50 47 2 40
26 34 42 6
18 24 36 17
18 10 19 35
12 39 42 32
18 49 30 27
11 26 30 2
11 6 32 25
19 29 10 42
47 20 18 45
40 45 27 7
40 42 30 49
12 5 38 22
12 14 38 47
50 50 50 50
31 28 32 44
50 50 50 50
20 26 27 20
32 29 21 6
17 48 8 40
45 39 39 28
28 12 32 27
39 40 4 47
48 49 47 23
43 27 31 43
13 35 44 23
37 1 21 46
41 38 18 6
22 35 21 33
27 1 42 12
39 42 44 18
50 26 5 18
13 2 48 24
48 32 21 43
28 37 23 4
16 17 2 33
20 1 16 9
13 47 4 4
41 26 34 45
30 12 2 21
42 13 1 12
22 47 14 22
27 22 30 2
46 28 39 13
29 47 19 12
41 37 27 43
14 5 26 4
28 35 24 26
50 36 24 49
33 7 37 2
44 26 13 9
21 17 39 31
28 29 19 32
38 29 46 21
37 45 35 29
22 7 11 25
35 27 1 41
14 39 15 31
41 13 47 35
37 18 36 16
45 20 46 18
27 34 5 29
34 11 7 24
45 32 4 41
25 30 29 45
13 31 22 38
27 5 8 38
39 9 44 32
30 4 41 15
29 37 39 17
29 36 13 28
38 42 3 21
10 43 44 46
13 35 42 42
44 21 1 18
12 3 35 13
21 16 4 37
47 4 25 25
14 30 9 30
14 15 21 50
22 6 1 5
40 44 31 34
49 45 31 30
38 25 25 43
33 49 42 11
32 20 17 33
35 20 35 31
22 24 47 12
33 35 28 23
27 25 21 16
38 17 41 16
30 47 19 31
13 13 12 23
37 23 27 12
11 22 10 39
44 38 3 9
48 9 24 39
43 14 5 25
18 2 18 20
32 41 30 11
35 49 21 47
11 18 42 35
39 2 17 23
22 23 43 33
14 6 20 26
41 27 48 45
15 8 38 3
18 18 7 14
44 25 13 5
49 9 9 48
36 21 13 40
39 18 18 15
12 40 34 3
39 16 30 49
20 3 35 32
26 5 19 38
10 3 30 13
23 40 5 41
47 41 27 50
23 20 26 39
47 15 33 16
50 3 11 8
27 19 47 47
48 4 5 39
42 45 34 7
40 14 43 3
18 34 22 4
49 39 6 29
10 40 28 50
36 3 40 39
11 15 28 5
25 16 30 15
11 20 6 6
34 24 47 34
26 31 15 39
50 5 42 7
46 1 24 13
45 14 10 31
38 40 4 43
32 41 35 3
17 33 6 50
21 25 6 6
27 28 16 31
10 48 43 21
41 27 7 5
43 37 28 50
37 5 42 8
42 6 6 13
10 37 14 47
38 33 50 25
39 31 1 15
35 43 35 47
12 43 5 4
10 6 12 24
33 10 17 1
18 8 25 16
10 39 17 42
32 42 15 30
15 27 45 22
28 11 14 49
31 2 11 38
19 42 15 15
46 3 40 8
17 10 39 32
47 40 27 46
17 20 28 15
32 15 27 46
27 1 11 33
29 50 10 48
19 5 22 17
18 11 32 41
41 12 38 6
21 1 6 44
27 29 29 18
14 4 5 46
43 6 29 22
47 20 39 1
45 41 1 26
13 34 49 20
44 42 4 19
50 35 35 9
35 40 10 5
37 9 12 3
48 11 12 24
36 43 29 20
24 6 18 50
27 48 33 49
32 44 46 45
26 33 39 29
38 11 14 49
44 3 27 38
42 22 13 34
20 44 18 35
29 3 14 20
41 4 27 33
49 44 13 50
24 32 46 32
29 30 9 48
39 18 11 16
50 2 12 7
46 46 6 10
21 30 20 33
38 46 2 35
29 31 25 8
18 15 17 26
36 2 7 23
45 13 49 7
21 46 3 11
32 24 16 36
23 13 9 17
24 45 23 33
15 32 48 36
41 24 41 36
48 43 27 15
15 9 8 24
24 5 27 18
42 17 5 4
25 49 16 32
44 48 16 21
18 50 40 17
25 34 15 48
28 21 46 31
31 48 29 2
16 27 2 22
21 9 39 7
21 43 20 16
19 38 16 9
32 33 4 49
11 22 41 28
23 32 7 25
17 37 9 50
28 21 15 9
21 22 32 29
20 32 12 30
30 24 34 11
22 20 38 9
28 23 12 30
40 45 41 47
26 50 2 23
43 50 23 37
30 16 24 20
49 40 3 37
45 19 16 39
32 20 36 39
10 43 46 31
41 5 23 42
41 36 29 33
34 22 45 32
15 39 37 25
33 23 12 10
50 49 3 35
15 25 29 12
38 29 46 1
27 35 3 26
42 24 48 4
45 13 22 29
14 46 40 7
25 1 31 50
23 31 42 30
33 17 17 29
32 45 20 1
43 39 19 7
22 2 9 27
29 12 32 37
21 10 19 47
48 2 50 2
29 49 45 6
46 9 21 38
45 18 5 15
39 35 42 27
45 23 7 41
39 31 33 49
29 34 4 10
39 27 15 26
15 7 46 29
42 33 13 49
13 12 36 10
41 3 23 11
38 50 21 42
48 44 46 13
19 44 49 40
42 48 34 4
29 20 24 21
50 9 19 36
32 39 43 22
20 22 5 18
49 4 18 11
35 28 10 39
16 45 27 14
27 17 12 19
48 5 19 8
34 2 25 40
46 40 4 32
41 33 28 41
20 44 27 21
36 2 22 42
19 48 40 17
32 11 2 42
50 43 32 15
11 17 50 33
11 7 49 5
42 16 46 32
35 9 25 30
41 26 8 34
40 19 49 21
31 24 45 32
41 43 2 33
18 50 21 3
26 50 34 40
20 28 5 10
16 32 10 21
27 4 46 49
21 23 41 13
36 11 41 41
10 2 45 26
37 27 3 20
40 43 17 16
30 15 42 41
47 49 40 31
33 25 26 27
16 10 43 34
13 4 38 32
40 42 30 13
15 50 50 28
21 45 42 17
20 26 1 49
45 28 25 9
17 37 50 31
19 2 18 35
26 37 25 35
37 12 10 45
42 49 36 22
34 44 49 10
32 22 42 49
14 25 22 9
37 16 49 39
44 3 17 23
49 25 19 29
31 23 2 46
33 28 44 17
27 37 39 31
11 19 15 35
18 25 39 28
16 4 31 20
40 40 15 43
27 28 44 23
43 8 9 28
42 31 45 23
23 31 20 12
28 31 41 23
45 48 44 30
42 44 2 48
46 8 25 8
36 34 20 46
39 36 4 34
43 13 26 36
34 30 22 17
48 17 32 42
32 4 8 11
15 21 21 3
50 39 3 2
14 42 6 44
16 13 10 17
47 34 10 22
12 40 27 37
43 9 22 34
23 16 16 13
36 46 1 13
21 13 37 24
49 21 34 15
27 42 18 9
45 2 7 36
30 1 13 43
41 26 29 28
35 4 27 6
15 9 25 14
10 28 10 41
22 50 38 29
34 6 38 40
28 4 11 23
48 5 33 34
27 42 5 6
33 47 18 5
24 22 27 22
16 44 43 27
39 32 4 13
34 45 23 17
38 42 1 50
19 43 48 21
43 43 42 29
41 32 22 30
33 21 1 31
42 20 33 28
33 8 3 21
24 47 34 50
39 40 39 33
40 17 43 13
43 45 36 37
12 29 1 2
25 16 21 8
47 43 7 43
15 38 14 8
48 39 22 17
44 34 7 22
38 46 11 36
12 7 4 37
35 7 19 22
46 1 47 36
29 45 3 34
25 42 3 39
21 6 9 14
47 17 31 3
31 13 19 5
50 13 20 34
22 33 5 39
38 2 14 15
18 49 26 12
29 31 21 27
40 42 8 7
10 34 5 47
18 23 5 48
25 28 45 13
10 4 7 4
25 13 23 10
46 46 22 34
30 7 14 5
26 39 33 34
25 21 45 42
35 29 14 50
37 21 14 30
29 19 45 2
41 15 47 37
38 33 19 43
42 19 11 14
35 44 20 31
21 10 30 45
34 44 30 25
24 4 12 45
43 12 36 21
23 22 28 6
33 9 49 21
43 21 5 37
12 28 20 28
10 33 22 3
15 20 43 44
12 48 22 4
50 26 44 27
16 44 44 16
33 31 26 19
20 11 1 23
46 2 30 34
31 26 47 7
20 40 48 15
15 28 39 48
35 26 43 12
32 9 20 10
15 10 34 12
33 13 7 19
20 11 28 13
16 4 31 43
21 6 49 3
21 36 38 41
21 3 5 27
45 9 36 22
43 37 30 43
14 44 5 23
48 47 3 46
49 5 14 19
50 46 2 8
39 19 1 25
35 36 7 5
50 33 28 6
11 50 20 37
28 4 44 29
43 49 27 39
12 9 17 11
18 11 41 29
27 2 47 15
31 33 6 18
45 18 11 29
44 35 27 3
19 8 28 15
31 30 5 13
40 13 26 37
14 4 16 43
33 44 14 19
29 2 6 44
36 46 31 47
10 45 27 47
19 8 38 33
36 39 27 10
27 26 28 28
27 4 10 50
18 50 43 2
33 50 10 7
40 24 11 32
40 2 18 4
29 18 4 1
35 48 3 20
26 30 37 20
34 42 10 23
34 31 23 7
42 9 15 44
25 1 16 1
26 11 35 44
34 22 18 30
13 1 12 30
10 43 44 20
15 42 45 30
33 39 48 3
40 25 40 30
22 38 45 9
38 36 12 37
29 14 28 20
38 10 7 23
10 22 14 12
24 20 31 49
38 15 36 22
20 11 31 4
24 38 27 8
34 49 7 9
44 47 15 39
39 15 21 37
43 32 47 33
24 36 18 49
24 24 13 1
47 2 41 39
45 21 12 20
12 9 28 4
37 28 9 19
49 16 27 23
47 26 43 42
35 21 49 23
14 17 48 28
17 9 36 33
25 6 6 23
21 38 9 1
34 31 16 23
31 34 16 13
29 37 13 15
45 42 6 27
18 24 20 25
24 38 10 27
37 1 32 16
18 15 43 42
27 31 4 29
47 45 34 44
49 4 11 11
29 11 32 47
43 49 47 4
37 45 31 8
25 29 1 8
11 41 15 3
46 18 24 40
41 24 49 35
48 7 17 1
23 35 39 18
30 2 6 25
34 30 37 44
47 31 9 39
50 41 44 42
29 49 14 41
37 2 12 10
47 23 1 48
19 44 41 47
37 17 25 40
27 3 47 38
21 29 13 43
20 10 8 26
10 9 35 42
43 48 4 16
45 35 25 37
32 42 41 18
28 30 33 22
35 22 45 13
17 22 29 46
12 47 5 26
20 25 18 22
39 36 43 1
28 13 25 35
17 3 49 26
41 50 50 26
31 31 38 1
19 18 16 35
22 2 17 48
12 30 39 30
27 25 37 31
17 31 39 28
42 29 27 46
27 1 48 49
23 49 28 9
48 46 46 38
11 8 35 21
45 42 20 41
32 49 24 22
28 41 43 3
40 43 30 8
36 38 27 32
43 15 10 24
25 15 27 49
20 8 22 44
14 21 6 11
11 31 18 2
22 40 21 5
29 17 41 5
28 39 26 4
23 26 47 9
48 15 23 21
26 27 32 28
33 5 5 26
11 48 11 20
43 45 9 42
28 5 13 47
29 19 17 1
31 39 32 10
28 19 18 4
44 46 20 38
26 5 25 27
42 38 3 36
32 45 3 27
48 3 22 18
22 6 22 43
13 45 43 23
18 17 17 39
38 37 23 28
29 5 44 36
19 48 3 2
46 29 2 22
15 33 15 35
11 1 15 11
37 42 45 10
44 5 21 9
13 33 38 2
40 9 37 16
49 40 30 23
20 4 9 9
28 34 49 5
32 26 36 26
41 13 27 17
38 39 13 27
23 15 45 33
49 2 50 45
18 25 34 48
32 37 32 25
43 30 41 16
35 25 24 31
16 49 43 15
41 31 25 17
32 26 8 29
24 42 18 14
41 41 22 18
50 25 35 36
32 11 48 26
35 47 36 29
36 22 46 47
18 37 14 33
39 19 31 35
45 47 28 39
30 7 40 9
34 10 20 50
26 17 10 31
31 16 44 8
33 6 24 43
46 11 5 16
35 44 10 35
33 43 5 28
24 5 34 5
19 3 39 10
36 39 45 41
16 31 2 29
22 36 13 18
13 25 45 8
11 17 46 43
44 10 23 44
44 40 43 6
38 14 43 22
34 5 4 9
33 33 44 20
47 26 9 8
44 1 31 28
39 22 33 45
32 34 48 40
34 25 11 33
28 8 17 18
28 5 32 25
36 48 3 13
40 38 37 26
25 46 41 40
35 19 23 41
17 30 18 19
19 9 44 27
31 37 17 19
40 10 5 1
22 46 50 4
38 40 37 33
34 18 30 6
22 8 45 15
19 28 41 23
25 28 42 37
19 22 15 16
12 30 47 37
26 39 21 35
45 3 38 30
48 32 27 24
41 33 8 33
13 13 10 12
10 9 28 43
30 11 20 24
20 16 20 16
16 45 6 18
13 42 10 13
37 21 36 11
37 24 34 7
19 2 8 18
28 31 32 21
37 18 25 11
27 15 50 48
18 45 5 18
21 36 38 27
11 37 22 41
14 47 5 36
30 20 4 16
42 5 36 20
46 29 31 35
18 10 47 29
13 14 12 8
10 8 3 42
35 42 20 47
18 48 33 9
12 29 8 11
31 42 6 4
33 10 31 48
28 19 34 29
40 42 17 45
44 14 44 38
33 50 10 26
30 50 20 10
48 47 30 15
30 39 14 7
15 50 50 34
38 41 15 28
19 27 25 2
14 47 4 27
24 21 8 35
12 17 32 33
42 21 37 46
48 7 26 15
34 27 5 30
41 10 20 37
25 45 25 27
35 4 26 2
37 24 14 36
14 27 44 27
42 2 17 47
22 1 42 26
15 6 29 48
32 47 28 23
44 25 20 48
11 46 43 5
49 43 1 47
43 42 14 42
25 3 17 43
13 35 5 12
18 25 24 1
48 1 29 30
40 43 26 39
25 4 47 26
44 11 14 12
32 37 37 9
49 50 25 27
25 10 49 37
17 32 31 17
42 32 14 13
36 5 29 15
19 4 6 18
32 7 15 41
42 26 27 47
50 48 23 26
13 5 20 9
10 41 50 12
11 49 24 17
21 45 30 20
13 28 35 50
42 48 5 19
43 34 24 5
29 44 43 2
49 6 27 39
19 18 50 8
48 11 5 21
19 40 39 38
37 24 37 12
28 12 27 33
28 39 20 11
34 32 32 16
24 46 42 42
23 43 36 25
43 34 1 4
29 11 22 11
46 12 48 35
25 35 12 1
24 5 37 49
36 33 7 41
17 31 30 28
43 30 23 25
29 22 18 32
44 7 46 19
27 33 41 15
50 30 27 20
14 50 34 3
21 29 44 48
38 39 23 14
36 50 47 50
17 9 46 27
33 6 26 16
11 1 49 9
23 40 47 23
27 12 27 43
47 15 18 22
28 6 34 6
21 26 43 15
21 1 20 16
13 27 1 50
12 32 29 43
34 4 12 12
15 46 42 26
12 32 29 43
10 26 21 23
14 2 30 25
36 22 9 14
14 9 43 25
39 34 39 46
22 24 15 14
12 32 29 43
50 50 50 50
21 9 31 45
39 43 9 40
49 13 7 30
10 23 1 37
34 41 3 20
12 20 49 4
27 26 33 37
27 49 12 33
22 43 8 43
47 10 11 19
12 29 30 3
18 11 6 34
35 21 10 38
12 32 4 5
47 43 7 5
12 32 29 43
12 32 29 43
12 32 29 43
12 32 29 43
50 50 50 50
49 37 24 27
30 4 46 34
22 25 34 36
18 47 15 22
44 21 20 14
0 1 1 1
