1000 3
42 14 22 1
32 30 11 2
40 9 24 9
7 32 35 4
43 20 40 16
25 14 13 17
29 39 13 23
7 24 20 31
31 48 18 46
10 4 14 5
31 37 44 21
14 37 39 33
31 5 29 30
43 11 11 5
42 37 14 29
19 14 40 44
20 1 32 16
20 3 43 28
1 6 7 33
24 43 23 2
47 16 7 14
48 46 11 17
15 32 11 31
10 5 33 28
30 2 37 26
31 23 4 27
37 29 29 48
33 4 16 33
1 44 16 35
19 5 36 3
40 11 35 36
32 23 49 15
34 9 14 9
37 46 48 18
35 3 6 25
2 37 9 38
2 31 18 28
11 28 37 49
42 7 33 15
1 25 38 32
5 4 4 2
9 4 43 41
7 35 18 44
16 1 4 26
49 6 47 37
19 33 17 3
36 27 26 41
11 18 44 49
31 31 47 17
17 32 3 31
23 11 21 40
4 43 17 8
49 13 28 15
3 31 36 27
18 36 22 40
14 33 9 28
43 9 16 49
3 42 16 4
20 3 46 13
12 4 33 47
19 30 33 31
26 44 20 10
48 37 47 24
45 2 30 41
26 26 28 28
13 6 47 8
47 13 39 5
14 49 37 25
2 38 19 35
38 22 49 42
30 20 3 31
48 3 34 29
26 41 29 8
47 36 1 37
8 3 43 4
19 44 40 18
40 39 24 11
24 34 46 29
14 3 18 19
36 13 30 6
36 33 23 19
16 33 35 18
27 30 2 2
1 30 24 8
39 25 19 30
34 49 15 32
25 29 18 20
49 32 16 2
41 24 21 3
25 12 24 19
1 8 38 45
13 5 36 29
11 42 38 33
43 24 42 15
21 37 43 49
18 33 35 19
5 44 41 8
11 29 31 13
26 11 29 31
8 16 20 47
3 38 5 35
2 12 13 13
32 20 43 48
16 37 49 48
14 28 24 26
21 8 25 28
25 14 21 39
43 46 1 17
14 9 19 40
25 3 17 10
27 25 1 9
6 16 47 25
32 6 27 19
9 35 3 39
48 35 3 41
44 42 44 42
27 2 10 40
46 21 20 35
19 15 29 25
8 19 33 47
15 18 9 6
18 36 28 48
42 42 9 10
3 37 28 36
38 13 44 25
31 5 49 16
8 34 47 8
5 42 40 41
32 25 39 10
25 7 46 2
47 2 37 36
6 22 26 2
5 36 39 44
42 18 26 10
22 21 36 38
32 49 32 32
24 35 12 7
42 1 37 35
12 14 17 16
31 22 21 46
7 15 14 49
3 12 2 17
38 43 32 1
0 2 3 8
28 6 43 46
3 33 9 21
4 49 3 31
46 22 36 28
5 27 5 13
44 37 43 35
12 32 45 17
5 27 27 13
4 48 15 34
11 29 29 47
39 21 42 25
11 29 8 21
2 20 22 24
0 44 14 33
38 8 8 28
9 19 9 8
12 1 45 5
12 16 22 12
17 13 27 29
5 22 23 28
42 45 29 35
4 8 18 10
32 36 42 2
48 43 38 16
20 25 34 29
25 37 5 49
37 30 43 14
35 2 24 9
3 33 12 14
15 17 7 42
19 31 32 5
3 21 20 18
45 22 36 9
48 10 20 44
7 44 46 25
47 42 35 19
44 40 15 46
5 46 29 34
14 24 26 9
25 29 47 29
9 31 28 46
23 27 34 20
9 45 38 4
19 11 43 46
35 44 29 17
23 25 8 48
4 11 36 40
30 19 17 32
20 30 47 38
7 18 15 46
8 8 27 8
4 31 11 20
37 20 10 14
40 43 8 2
37 32 32 29
38 31 20 16
39 26 32 31
29 26 5 43
20 44 21 45
24 36 29 30
36 13 39 29
16 23 30 49
42 6 11 38
17 1 8 11
36 29 40 17
39 34 26 43
16 29 2 19
47 48 30 8
25 47 48 40
22 27 4 8
27 15 35 23
34 35 47 13
7 12 46 19
28 7 23 15
5 25 26 37
34 4 5 31
41 22 22 42
21 26 37 38
28 25 23 24
7 33 17 14
43 25 6 43
40 21 31 8
24 49 13 36
35 46 45 20
1 44 19 35
18 8 13 32
37 35 10 17
12 2 37 37
17 9 11 44
34 16 8 31
43 12 10 27
31 47 41 33
18 18 46 9
14 3 37 43
15 24 32 8
30 24 11 2
31 42 38 19
40 24 41 20
1 20 14 13
31 30 46 10
15 14 36 1
14 8 2 16
9 17 40 33
15 23 40 2
40 8 27 13
44 26 25 26
21 29 4 2
24 43 34 6
26 44 4 7
49 33 25 48
48 30 35 19
37 3 22 49
49 18 9 32
13 43 16 14
12 3 46 7
47 46 1 27
17 45 10 18
21 18 13 38
15 31 34 12
8 12 6 9
22 1 15 34
21 1 33 14
8 2 8 6
42 9 46 19
20 40 31 27
44 42 27 39
5 10 3 26
45 6 13 26
17 36 28 37
19 2 38 24
13 6 23 38
7 23 22 17
41 26 46 44
10 4 40 42
47 17 47 12
16 42 21 6
31 36 23 10
15 24 25 9
15 45 34 48
10 29 16 10
37 42 7 15
2 25 47 32
12 18 30 45
20 16 32 25
32 44 30 22
37 35 9 18
37 47 33 25
24 32 33 39
14 14 36 6
34 37 35 49
5 25 28 12
0 49 24 3
16 29 46 46
17 48 48 30
35 45 5 10
6 8 19 19
48 45 41 37
4 5 3 10
34 42 45 4
17 20 12 22
49 33 44 15
11 8 48 22
29 12 21 34
32 10 26 28
42 25 45 32
14 45 13 27
30 15 14 6
12 31 22 15
12 6 29 6
22 9 42 14
41 3 18 13
44 48 21 16
21 43 9 46
40 33 7 35
32 26 38 47
38 14 32 4
13 12 4 45
19 7 38 11
18 30 30 17
37 22 21 29
35 42 9 33
0 20 21 43
41 11 19 49
39 39 33 37
18 18 24 31
30 6 8 23
32 9 20 13
43 18 5 39
6 33 2 10
8 8 38 1
46 42 25 38
4 35 16 22
48 19 48 25
27 8 29 21
38 3 20 27
20 21 13 16
42 36 13 2
40 11 33 37
37 41 21 30
22 27 37 13
11 21 26 48
28 11 32 31
46 8 22 44
11 44 4 3
24 8 19 39
14 23 39 31
6 43 35 11
29 12 30 35
40 42 9 43
1 14 23 1
45 36 42 8
2 10 14 37
38 4 36 18
42 39 5 2
23 26 24 37
1 11 19 17
14 16 10 1
39 1 41 24
48 27 17 16
24 20 21 41
18 43 20 12
32 7 13 49
49 34 47 33
20 4 39 38
17 29 38 12
11 34 38 37
2 27 49 30
47 25 25 34
11 30 14 11
26 42 22 12
16 32 3 29
28 10 48 41
44 44 29 4
22 25 25 45
40 36 39 38
13 30 13 21
15 45 42 3
3 31 31 12
9 38 47 5
11 9 23 34
13 4 37 20
16 45 28 44
46 5 22 6
33 35 6 29
9 7 8 37
32 14 17 23
5 24 33 38
14 32 44 49
10 19 35 20
18 30 31 31
26 30 29 34
38 29 10 14
5 13 41 37
25 14 14 15
7 17 26 3
0 28 37 2
25 9 28 11
45 47 21 37
45 43 40 46
20 16 49 39
14 28 40 4
22 7 35 8
35 30 49 12
48 18 45 42
6 49 32 42
4 24 4 12
44 6 32 5
35 28 25 7
48 46 12 9
36 12 22 12
33 8 43 28
22 23 14 5
8 19 34 18
37 12 42 48
42 23 34 30
11 24 28 47
47 10 40 18
30 44 46 3
24 27 39 12
20 47 3 24
12 32 16 30
47 1 2 14
49 18 36 28
49 41 48 29
18 12 39 2
32 39 41 21
12 38 3 41
24 49 32 39
46 44 37 26
47 29 16 22
5 16 23 15
11 31 6 31
14 44 17 47
42 34 34 14
38 40 1 6
47 10 13 38
14 10 15 5
20 25 42 21
47 22 48 28
20 14 11 49
39 17 11 14
7 14 31 36
47 20 10 1
43 42 13 29
24 46 35 26
29 26 30 29
30 24 23 3
43 28 42 11
5 27 21 28
2 5 31 36
3 14 17 12
24 17 38 36
23 36 44 31
12 19 26 39
25 29 2 24
37 44 3 5
16 32 31 37
38 15 3 35
15 13 19 36
13 44 28 10
30 28 8 15
14 3 27 24
8 7 8 26
47 21 44 15
13 30 35 47
22 10 39 28
29 17 43 48
49 44 23 46
1 43 11 23
11 39 35 25
17 26 34 19
48 39 35 34
37 23 46 45
31 15 5 7
18 18 29 39
13 4 38 28
45 46 18 37
34 3 41 23
17 9 28 46
14 39 45 22
1 12 15 37
6 46 27 15
41 24 44 44
18 26 36 42
37 21 10 14
26 11 9 41
23 28 4 17
23 47 11 11
13 42 44 42
6 39 31 41
17 7 6 25
48 25 15 42
40 28 33 46
18 22 11 13
8 6 46 3
16 8 4 13
19 26 28 43
47 24 6 9
24 8 10 42
10 43 38 38
41 22 42 32
18 30 3 30
48 6 20 1
13 31 45 41
43 18 3 8
29 45 45 28
38 15 24 38
42 9 36 28
26 3 42 43
22 1 35 12
3 13 13 23
38 34 7 4
35 30 31 18
1 41 13 1
15 30 40 2
32 29 31 41
10 41 49 9
21 19 11 20
34 38 17 30
29 11 26 36
38 42 1 7
19 48 6 43
48 45 26 43
1 37 48 29
30 31 37 17
40 21 8 39
45 12 3 38
34 9 28 44
8 25 44 25
31 1 19 8
0 24 14 4
14 18 13 8
5 28 24 39
49 10 36 22
25 10 19 19
43 45 33 41
24 46 10 34
24 49 18 14
2 8 7 21
29 24 10 43
26 23 16 6
30 5 45 28
9 37 13 33
12 25 26 28
8 33 40 16
12 33 1 4
32 5 7 34
41 18 32 27
29 11 24 14
12 14 2 34
19 33 33 46
44 41 40 17
7 29 29 11
30 3 26 21
32 27 9 42
35 4 3 28
37 34 7 47
1 24 41 11
14 43 31 39
33 39 26 25
34 37 37 4
5 5 30 42
45 45 17 38
24 18 13 29
48 21 9 19
2 11 34 30
13 34 19 22
20 42 15 30
8 42 45 25
30 40 4 20
45 49 22 33
12 41 4 33
39 9 37 39
22 15 1 27
13 28 12 43
13 9 25 38
36 26 38 18
23 46 46 40
23 15 35 39
5 32 35 49
32 40 32 9
1 22 7 30
2 41 8 13
25 33 8 18
8 30 2 14
48 3 47 22
13 44 11 43
8 41 9 39
23 23 46 11
32 14 16 44
48 17 40 16
13 31 41 7
10 41 25 14
40 9 12 22
26 44 37 21
21 31 4 32
8 1 30 26
10 21 33 32
30 25 11 30
14 46 11 19
8 12 17 34
16 27 3 12
31 31 35 37
7 34 38 18
43 35 19 36
24 45 23 42
32 33 20 41
12 27 19 20
11 41 2 23
3 49 31 43
8 23 7 16
0 18 41 28
38 3 7 16
45 49 39 27
24 15 30 39
5 14 18 17
18 16 12 20
30 19 39 45
33 36 4 42
7 26 27 43
34 45 14 45
25 21 35 47
3 23 33 9
32 38 36 11
12 41 1 26
6 6 19 8
7 5 23 48
7 4 43 47
6 17 43 18
13 20 32 3
13 25 48 41
15 41 20 24
22 13 24 48
21 30 16 17
36 44 32 40
37 2 5 31
47 10 15 20
48 5 34 34
28 42 9 18
26 42 32 10
49 34 5 45
13 42 28 1
21 44 4 18
14 14 7 23
0 47 11 9
42 5 49 5
13 1 43 9
10 8 41 10
37 49 12 7
9 38 22 29
11 16 1 14
31 23 47 47
37 11 34 28
46 42 5 30
5 18 28 37
28 28 23 3
38 36 19 12
48 48 1 49
15 26 5 29
25 1 28 13
20 35 26 20
16 20 44 19
23 35 45 9
37 32 7 8
49 17 25 42
36 17 34 26
30 34 34 24
8 26 20 43
39 28 13 6
24 40 1 46
33 30 18 46
1 10 29 25
28 20 13 25
28 28 30 41
7 1 40 44
46 16 40 14
37 40 43 23
0 48 15 9
18 4 18 45
16 9 6 44
1 14 40 19
5 3 39 41
40 15 20 44
29 39 26 29
33 28 1 40
24 42 22 30
39 2 1 24
18 23 16 6
17 13 3 4
32 29 20 13
36 44 47 28
35 5 4 35
0 47 13 44
10 3 42 24
43 7 32 26
2 33 10 38
4 30 44 8
29 27 41 2
15 13 43 5
42 5 31 41
18 38 32 23
26 20 28 13
44 24 12 9
13 22 39 37
45 14 24 30
48 44 29 12
38 13 9 23
27 27 9 27
46 21 21 23
0 45 37 31
44 43 13 23
44 40 35 8
47 7 16 2
49 34 34 42
11 6 29 47
24 46 43 42
42 13 7 23
31 39 46 12
21 20 10 21
15 39 22 16
44 4 16 25
40 2 25 29
18 41 44 42
15 39 3 24
19 12 32 40
17 45 48 44
20 17 6 48
34 1 13 24
10 8 47 41
35 45 39 4
4 35 34 8
9 10 23 11
30 39 9 35
2 41 16 18
16 35 34 46
14 2 29 36
16 9 2 8
4 10 36 28
19 10 46 5
46 42 42 12
30 12 39 10
28 25 9 39
40 33 5 45
46 48 20 33
38 5 10 24
7 27 23 5
42 1 41 7
42 14 44 25
47 14 23 40
7 29 8 19
39 21 45 13
14 1 43 11
19 35 38 25
6 19 41 21
18 4 31 8
7 28 22 37
18 13 41 32
27 17 43 21
14 28 18 4
9 7 45 17
40 14 46 40
19 34 48 23
48 13 3 27
7 8 41 49
19 36 15 8
31 42 24 28
42 6 8 2
20 44 42 29
23 14 19 47
17 23 5 46
24 18 42 13
10 1 13 44
5 7 39 46
2 39 35 40
19 11 6 37
31 26 30 41
10 5 21 13
28 16 2 9
28 23 12 9
15 16 9 46
39 17 47 43
34 8 3 43
44 48 7 44
20 11 3 14
20 7 19 5
47 25 19 43
28 20 21 26
25 44 41 3
26 41 38 27
26 17 42 19
11 37 12 24
2 34 41 8
43 14 7 34
47 45 29 29
22 41 6 35
17 12 6 48
36 12 17 6
44 47 10 22
25 36 40 37
47 29 43 7
39 16 37 15
17 27 33 41
3 28 20 36
18 32 13 32
24 49 13 4
37 41 12 27
19 18 21 22
41 24 34 32
6 26 49 37
40 28 11 4
40 10 33 41
36 28 26 7
27 6 36 16
33 10 30 22
42 17 1 32
30 34 46 36
17 5 37 47
48 9 44 35
25 21 13 26
23 21 3 9
14 46 3 14
0 45 13 45
12 15 39 8
12 27 10 12
15 14 15 29
13 41 16 29
19 48 7 45
2 8 1 9
20 20 46 43
5 32 16 21
1 42 2 36
16 32 13 41
7 36 32 40
10 17 12 11
33 21 24 43
40 10 1 44
20 32 19 46
4 18 30 24
23 34 27 17
30 36 3 3
28 19 28 16
33 41 21 40
7 1 7 44
18 9 35 39
48 47 47 35
36 40 8 4
25 8 13 8
20 4 4 40
33 21 7 36
7 20 24 42
16 3 2 44
26 14 20 47
29 16 3 5
27 29 48 49
9 48 4 21
34 14 7 48
46 18 47 45
23 43 22 6
38 44 21 22
16 46 10 37
21 5 28 41
16 30 6 42
11 49 8 36
26 48 35 37
46 37 18 32
29 25 11 39
33 4 2 25
31 23 42 44
6 5 21 15
30 22 45 34
10 13 23 14
40 21 33 8
23 6 23 5
1 35 30 15
0 9 27 15
23 49 12 23
46 40 42 7
29 47 46 30
27 49 1 16
23 26 11 39
30 45 39 3
11 38 27 18
25 11 24 2
10 49 22 12
42 7 42 40
38 32 46 28
19 26 33 20
45 33 6 37
38 22 18 13
3 14 34 3
37 1 32 15
13 38 22 1
14 12 29 34
0 27 29 2
32 1 25 18
28 36 14 17
5 18 24 9
47 1 6 11
33 15 31 13
18 4 10 25
38 13 7 11
47 20 39 27
29 18 27 10
47 20 5 41
2 28 45 3
29 21 9 40
38 12 5 21
40 8 4 13
0 39 12 33
24 34 34 46
1 23 47 5
19 27 14 46
43 15 3 17
16 34 22 37
42 33 42 1
1 9 22 45
31 47 47 4
26 43 30 29
25 10 17 43
26 48 46 22
46 14 22 24
47 31 22 21
22 16 22 9
7 39 25 13
15 32 11 21
22 35 45 36
20 10 28 33
40 19 8 21
17 38 42 39
7 17 25 44
17 3 7 3
34 13 7 28
24 30 26 44
1 20 38 20
27 7 25 46
28 7 24 41
25 23 14 44
33 28 12 25
44 9 32 46
21 35 43 19
15 11 17 38
36 46 24 40
13 27 41 21
46 9 15 48
37 34 35 6
13 22 43 46
0 10 24 27
40 8 40 23
2 34 11 46
23 4 16 3
46 34 4 16
5 26 23 45
48 48 21 47
20 19 26 25
33 17 9 4
1 41 43 36
19 24 31 38
48 20 29 43
44 29 38 19
9 2 30 24
37 11 14 13
3 30 4 9
37 31 25 16
16 5 37 38
27 4 41 23
10 33 49 12
19 37 28 12
28 22 39 19
10 43 47 7
7 20 25 41
30 18 2 23
7 46 21 5
24 36 48 12
43 43 17 40
35 4 34 24
32 4 11 32
30 14 8 35
1 42 26 22
1 41 41 44
17 32 39 8
5 15 33 43
8 49 41 43
14 49 22 44
4 24 9 20
5 44 38 45
25 41 34 16
39 19 14 40
34 48 43 23
43 4 11 30
45 14 34 35
0 21 33 25
25 49 40 16
24 38 48 45
22 2 11 7
30 44 22 35
43 40 12 8
