105 3
13 21 16 34
44 25 6 4
25 34 43 14
14 43 32 35
0 35 19 49
26 19 45 5
39 17 49 18
32 24 32 3
17 8 28 22
7 3 49 38
47 23 28 10
23 30 45 39
15 5 48 30
39 22 44 28
22 8 9 19
2 26 3 15
22 27 34 16
30 36 28 3
5 26 21 20
14 19 12 45
8 48 13 1
18 22 14 50
5 45 31 38
19 33 16 17
49 25 27 43
47 22 10 20
12 22 3 7
21 44 7 14
46 43 43 4
33 24 40 27
20 20 34 22
38 8 16 47
18 36 27 37
24 26 7 43
46 41 4 50
49 31 48 35
49 48 11 43
26 45 33 22
48 11 16 13
22 46 49 33
28 6 19 4
33 32 36 31
22 4 22 27
24 27 22 32
2 24 7 44
23 14 45 10
49 30 40 41
42 29 18 5
42 26 39 3
30 20 20 24
36 36 23 20
31 15 17 40
6 11 40 3
8 50 9 7
12 8 4 46
29 2 43 8
42 7 38 13
8 46 46 15
47 31 44 24
21 44 6 38
6 7 25 15
38 40 35 34
19 1 7 21
19 42 27 14
48 16 33 28
32 48 20 23
25 10 38 12
22 31 19 35
31 46 21 21
19 50 16 44
37 5 34 11
11 21 40 46
39 8 29 34
25 3 32 29
44 34 17 26
50 47 30 17
18 33 24 28
42 13 39 1
40 49 20 30
9 21 48 44
37 37 29 39
45 12 33 18
20 34 2 4
14 38 27 34
12 12 29 23
43 46 46 19
43 20 9 34
0 29 41 35
38 38 21 16
7 24 43 5
28 46 19 18
9 18 17 33
8 2 29 14
47 24 11 4
36 34 41 25
36 32 4 32
37 8 42 16
13 48 47 8
22 21 28 31
50 23 7 7
36 3 49 31
31 39 18 46
33 47 34 12
12 9 49 30
16 26 42 13
