704 3
1 50 45 5
2 24 50 4
0 24 25 28
3 9 41 34
4 50 47 24
4 36 18 15
4 36 3 21
0 34 41 31
3 16 28 27
3 7 49 7
4 2 4 9
4 7 14 26
4 19 25 36
0 1 36 34
3 39 40 3
3 27 10 1
3 16 9 8
1 5 14 41
0 39 14 45
4 23 25 16
0 27 21 37
1 50 5 41
0 17 31 10
2 22 19 30
3 28 6 11
1 2 19 11
0 10 49 11
2 19 5 25
0 50 31 11
4 48 16 29
3 33 12 42
1 41 18 16
1 35 13 17
2 12 21 11
1 35 42 10
0 44 31 49
3 27 27 11
1 5 43 10
1 21 18 33
0 31 40 29
3 50 30 31
1 19 42 5
0 25 36 35
3 31 13 7
1 14 36 45
3 8 17 46
4 9 23 42
0 35 35 14
3 43 19 24
1 35 45 49
2 47 24 35
4 49 6 46
2 15 34 38
4 17 13 42
0 35 46 29
4 2 39 2
4 45 4 28
2 40 8 35
2 29 23 23
1 17 45 12
4 2 44 16
3 6 15 31
2 37 21 40
2 38 1 43
1 46 37 50
1 47 18 42
1 21 20 35
1 9 30 9
0 44 18 9
4 8 5 43
2 12 35 36
0 35 46 9
3 47 34 23
3 49 41 29
1 21 21 28
3 8 29 37
4 47 11 17
2 26 43 4
2 6 3 4
0 39 29 8
2 42 25 31
4 11 24 21
4 1 25 45
0 50 39 46
3 49 7 24
2 30 21 14
0 33 24 50
0 6 25 20
2 12 41 49
1 31 1 39
4 17 36 10
3 21 11 18
0 31 38 41
4 26 33 42
4 13 24 48
1 39 15 21
4 38 35 1
2 14 18 14
1 9 34 38
3 32 8 12
1 46 2 37
0 31 24 8
4 32 8 44
1 37 38 27
1 49 5 46
2 12 44 11
2 36 29 44
0 41 33 15
4 30 3 2
0 22 9 38
3 2 28 29
4 19 43 49
3 8 8 45
0 6 15 14
0 14 38 7
2 5 27 6
0 26 47 46
3 42 35 11
3 17 30 33
4 18 37 4
4 9 37 45
1 5 30 1
3 23 29 26
0 43 28 40
1 1 24 46
4 42 50 9
4 39 5 12
0 42 28 12
1 10 40 47
2 48 47 49
1 2 34 50
0 11 35 4
1 26 9 37
0 42 11 28
3 15 29 22
4 3 23 4
2 44 50 45
2 43 48 33
2 27 49 13
0 6 22 24
4 23 18 24
0 34 6 8
2 37 42 6
4 49 18 27
2 40 18 7
2 47 3 37
3 31 35 38
0 33 2 8
1 31 2 27
0 20 9 8
0 9 22 26
2 28 24 48
3 10 44 18
0 33 2 26
4 26 45 26
0 16 2 25
3 12 19 35
3 38 11 33
3 44 34 22
4 8 29 46
1 1 10 46
3 40 19 35
1 15 6 7
4 40 24 7
3 10 32 50
2 25 35 17
4 4 1 14
1 6 43 20
2 2 23 32
0 9 10 11
2 31 32 33
1 27 41 13
2 43 34 14
0 1 7 30
4 46 17 37
4 30 32 31
3 27 43 27
2 12 23 45
3 11 24 50
2 17 14 25
0 40 49 10
3 45 26 46
0 1 4 16
3 42 13 5
2 25 45 31
3 12 33 36
4 48 41 29
4 48 34 27
4 14 47 14
4 39 21 32
0 31 41 50
0 42 34 42
2 28 9 6
4 49 29 27
4 6 42 14
3 10 35 28
1 10 34 19
4 19 44 18
2 36 12 39
1 21 36 27
2 27 8 45
3 45 30 17
0 6 17 21
2 21 16 18
4 28 50 35
1 50 40 26
3 39 37 26
1 39 19 8
2 46 21 44
4 14 14 24
4 35 12 4
2 5 33 11
3 13 18 31
2 31 40 4
2 31 2 17
4 50 11 21
4 10 18 41
2 48 12 38
3 25 48 35
1 49 44 35
3 28 17 49
1 38 39 3
0 4 50 30
1 19 45 30
4 18 34 7
0 48 47 1
4 46 23 35
0 24 22 2
3 43 29 6
3 2 24 40
4 50 17 45
4 27 29 7
4 10 47 8
4 2 46 37
3 12 46 46
0 18 7 40
2 34 14 16
4 42 38 39
4 2 35 22
3 49 7 39
0 26 30 3
1 28 31 36
2 37 3 31
2 22 3 27
4 34 11 43
3 14 32 25
1 4 16 40
4 10 45 16
2 17 22 10
4 18 13 35
0 5 18 49
0 32 27 18
3 32 12 45
3 15 6 30
3 27 33 27
0 38 27 33
1 15 10 33
0 12 39 14
2 34 40 18
2 29 26 24
1 28 29 25
3 2 25 27
2 15 20 46
0 47 8 6
2 41 43 33
2 16 11 48
3 2 38 20
3 35 40 46
0 46 42 7
2 18 20 33
3 31 43 4
2 34 19 35
0 26 47 3
4 10 46 31
3 4 21 15
1 23 11 10
1 1 26 31
4 32 47 6
4 49 24 18
3 46 9 22
1 13 16 14
4 41 26 25
1 5 36 22
2 18 23 7
2 35 13 34
1 49 36 32
1 18 39 7
0 19 24 47
4 18 15 47
3 50 24 40
1 3 38 33
1 33 28 44
1 33 23 12
1 10 19 25
3 21 46 17
1 42 24 17
3 6 36 6
4 43 32 45
2 37 32 6
2 23 41 31
0 34 33 40
0 48 37 13
0 4 46 30
3 26 3 17
2 4 1 19
3 3 20 43
0 44 43 9
2 39 40 47
2 1 22 16
3 46 42 22
2 39 17 12
3 13 13 37
4 37 20 41
3 28 8 23
1 5 36 25
0 39 18 48
0 21 46 25
1 44 19 29
3 42 1 43
2 38 27 46
1 14 50 29
1 22 26 30
0 45 21 14
0 28 3 42
0 27 5 15
4 8 26 2
4 25 24 18
3 11 1 8
0 35 7 15
4 19 48 37
1 44 49 35
0 17 13 38
3 38 32 48
2 27 4 16
2 6 40 42
3 38 41 1
1 8 40 8
3 21 39 38
0 3 40 16
4 29 27 23
1 9 10 43
4 37 47 24
0 5 36 13
2 25 22 48
0 5 19 37
2 27 36 18
2 22 18 28
4 19 5 33
3 14 8 25
3 32 44 37
2 45 7 48
2 40 2 40
3 17 36 2
0 23 37 45
0 35 38 39
1 25 33 42
4 5 7 30
1 44 2 9
2 25 41 47
4 41 37 15
2 3 25 39
1 7 46 17
0 48 11 23
2 50 36 46
1 36 48 36
2 36 40 5
1 49 40 18
4 12 6 14
1 40 26 46
2 20 43 15
0 37 4 40
2 22 29 44
2 24 38 49
0 15 38 44
4 38 10 39
0 22 11 28
3 45 22 7
4 39 17 29
3 27 17 17
2 39 9 1
1 43 22 37
3 10 11 19
4 30 46 14
3 13 32 9
4 28 10 4
4 37 11 3
3 31 35 25
0 46 38 13
2 26 28 40
1 12 37 24
0 27 39 32
2 13 33 34
4 17 27 19
4 4 15 6
3 34 45 4
0 32 44 35
1 16 21 5
0 37 14 10
1 1 19 48
4 31 39 24
0 23 2 34
3 22 44 4
0 11 5 11
2 48 50 8
0 31 2 44
0 25 10 10
2 25 19 15
2 44 12 50
1 22 32 27
4 32 18 33
2 34 45 18
0 11 14 26
4 28 30 49
0 26 19 12
0 36 35 13
1 32 12 50
0 24 12 19
2 2 43 20
3 37 17 44
0 18 26 36
0 50 36 27
0 8 12 47
2 18 24 41
1 18 41 47
4 47 35 36
2 31 4 4
4 31 43 23
0 7 21 17
3 47 8 35
1 31 14 3
4 37 32 29
3 35 37 47
0 33 1 8
1 33 34 49
3 17 27 11
1 7 32 7
4 38 38 27
2 7 46 19
3 19 48 4
1 25 6 5
2 4 29 15
3 6 21 18
3 8 42 42
0 22 1 42
4 4 5 40
3 26 28 6
3 48 23 1
1 19 4 18
2 50 15 34
4 1 45 30
3 35 4 19
0 40 16 5
2 33 40 48
1 2 47 19
4 33 27 47
0 45 14 7
4 44 19 23
0 23 6 11
2 39 40 4
3 41 9 44
2 36 31 8
0 36 13 34
4 33 8 16
2 50 28 22
1 4 35 47
4 44 31 42
0 30 41 34
0 20 6 6
3 32 25 5
4 36 11 35
1 2 8 40
3 26 11 29
1 9 26 43
0 16 11 43
1 29 1 15
3 24 19 14
1 21 3 26
2 29 42 37
3 3 5 22
3 21 42 5
2 32 29 49
3 13 8 42
0 37 48 6
0 33 14 42
3 32 32 1
0 21 10 40
4 11 48 25
1 35 24 50
2 39 6 1
3 39 25 2
0 40 38 22
2 22 13 7
0 44 44 44
1 43 43 14
2 4 42 46
3 15 41 12
2 41 39 27
0 38 8 26
3 7 46 21
4 40 27 42
0 34 24 3
1 40 49 10
4 34 20 49
4 30 50 12
1 24 27 19
4 48 35 44
4 49 26 16
1 22 8 38
3 10 33 24
1 43 46 25
4 27 18 37
0 20 34 23
4 50 44 21
2 22 27 22
4 11 15 6
0 31 48 17
3 47 3 41
2 22 23 28
4 27 13 17
3 10 31 6
0 17 40 27
3 47 21 9
4 9 38 29
2 43 18 18
4 4 5 34
3 5 37 19
2 6 3 22
4 33 22 16
2 50 5 42
3 23 41 24
1 28 16 7
2 20 26 12
1 46 23 15
2 46 46 5
4 3 5 14
3 15 31 1
3 38 29 15
3 27 11 30
3 42 6 42
3 38 20 10
3 36 36 20
1 47 9 32
1 14 36 27
1 32 45 21
4 22 28 12
4 44 16 19
2 12 23 21
2 41 45 22
1 28 50 41
1 16 4 33
2 1 24 21
1 34 50 21
0 23 5 2
2 2 48 24
3 4 34 37
1 12 22 8
0 18 15 10
2 38 22 32
3 17 27 36
2 37 9 26
0 9 28 49
0 48 24 30
4 9 43 27
2 33 37 7
3 2 42 45
2 31 9 22
1 42 44 19
1 50 10 24
2 27 36 6
0 29 25 11
3 19 19 3
2 15 12 48
3 32 36 35
1 27 35 26
4 16 10 13
1 5 30 37
0 40 39 18
3 39 49 41
0 33 6 30
1 8 48 2
2 49 44 6
4 43 29 20
0 28 7 8
3 7 17 37
4 13 16 9
4 34 7 35
2 8 6 44
4 12 40 48
4 5 36 18
1 44 42 38
2 5 42 21
2 43 29 4
4 46 39 16
2 47 7 28
0 33 37 18
4 33 13 24
0 28 6 40
0 45 10 20
2 29 47 4
4 15 37 45
0 16 25 24
2 28 39 39
4 17 6 43
3 17 44 23
4 47 27 25
1 16 43 42
3 44 46 49
1 5 40 30
1 11 2 11
1 29 50 9
3 46 19 44
2 43 42 22
4 29 17 27
1 28 9 46
1 22 13 25
2 36 20 17
4 38 44 17
0 30 30 36
1 47 38 45
1 44 17 46
4 2 39 17
2 22 30 30
0 18 5 20
3 50 47 29
4 38 1 19
3 32 9 35
2 42 1 43
4 23 38 1
3 33 15 41
3 12 16 35
1 40 39 33
2 5 15 29
3 41 17 9
3 11 11 12
1 18 23 26
3 47 38 31
0 36 30 40
2 22 4 45
2 8 17 47
0 20 5 41
4 8 1 1
4 33 21 14
3 47 7 17
4 8 2 1
1 31 33 28
0 20 3 3
1 43 32 30
0 47 26 25
1 18 34 19
0 7 4 35
0 13 42 41
4 44 29 25
1 22 27 19
3 17 11 14
4 46 30 2
3 15 42 6
4 36 6 20
3 37 44 17
2 16 22 13
3 20 5 29
1 40 36 24
2 27 10 28
0 50 29 36
2 13 17 15
2 10 45 32
0 6 19 13
2 21 35 35
2 28 6 42
1 8 34 17
1 46 10 44
1 12 23 24
0 27 15 26
3 26 41 16
2 13 49 17
1 7 8 50
2 15 6 29
2 34 7 10
3 44 10 28
1 17 46 10
1 12 32 50
4 1 21 28
1 1 25 46
4 34 23 1
4 24 42 36
3 16 14 33
4 4 39 24
1 13 4 43
2 15 5 48
0 49 13 25
0 25 36 42
2 48 45 32
4 15 48 15
1 29 29 41
3 6 21 17
3 6 45 14
1 4 15 14
0 4 28 38
2 31 5 34
4 21 47 43
0 49 1 27
4 18 31 19
3 17 28 39
0 33 7 1
3 23 22 18
