1000 3
30 23 32 43
36 22 19 31
20 34 1 33
48 49 10 5
24 34 48 23
45 1 41 8
0 42 27 44
46 49 4 31
44 20 20 35
30 7 28 45
4 46 36 18
19 9 2 17
49 27 48 22
45 2 42 32
47 24 33 47
31 44 38 24
13 3 15 29
45 28 18 3
31 34 49 28
3 9 19 14
49 22 34 20
26 39 42 7
31 1 19 26
27 43 34 44
26 5 21 30
35 9 5 36
34 26 47 11
31 44 32 17
0 2 3 14
40 9 43 28
38 24 44 13
36 1 20 6
9 46 7 15
33 23 22 5
13 17 48 8
11 31 1 16
19 41 22 41
35 31 16 29
15 42 23 1
21 47 35 34
18 23 16 11
30 34 37 7
36 27 5 39
29 22 42 19
39 22 34 17
37 32 32 1
1 26 21 25
13 35 12 28
25 39 15 45
15 9 49 34
33 4 30 21
25 13 42 40
42 47 9 13
37 17 39 7
1 20 39 34
10 38 11 10
4 16 41 24
41 42 48 38
22 44 34 41
35 26 48 45
40 20 2 21
24 17 31 31
44 19 37 7
18 47 32 16
11 1 44 36
30 26 2 12
40 46 27 49
40 7 42 30
11 27 32 15
14 30 5 24
13 27 25 41
0 34 17 32
45 7 39 37
34 47 15 26
39 38 28 41
28 18 13 10
3 32 10 23
22 43 17 1
22 15 6 15
31 22 37 23
19 33 21 30
10 40 16 43
5 13 31 26
21 35 48 48
12 38 19 10
43 44 25 45
7 47 19 48
38 46 43 8
42 17 4 31
18 20 22 29
46 41 40 38
12 34 39 27
47 31 28 30
2 35 21 17
10 27 40 38
37 15 35 29
35 22 32 36
48 46 32 37
46 35 20 43
13 35 34 17
13 1 9 49
37 8 5 29
35 17 10 28
30 43 47 45
34 24 12 13
48 15 28 9
12 17 11 14
44 1 38 12
9 42 28 25
4 3 47 28
48 33 29 39
6 3 11 39
37 8 36 48
33 3 11 15
43 39 39 40
28 23 29 8
35 11 39 44
43 6 25 44
30 47 35 46
14 7 31 33
37 38 38 38
17 6 25 12
6 36 9 16
12 15 15 26
29 45 20 36
40 43 4 49
32 39 4 15
48 26 33 18
19 35 16 29
35 33 42 13
20 20 21 45
48 48 15 7
19 48 26 15
28 11 40 15
9 28 33 39
46 49 42 43
21 24 13 49
26 35 21 10
26 33 13 36
2 32 22 35
5 13 5 5
6 21 5 36
6 15 40 22
10 8 36 30
31 44 5 37
24 10 6 3
9 15 49 4
1 42 43 4
48 1 23 47
23 1 48 39
34 21 12 38
1 19 43 7
32 46 15 43
2 7 16 3
22 24 39 15
39 9 8 46
44 49 25 15
1 15 8 47
10 5 13 41
6 15 11 29
38 22 15 35
19 28 41 32
49 48 9 23
17 6 41 27
26 8 46 27
27 23 32 10
9 33 20 17
47 17 46 18
2 37 25 17
27 17 44 5
8 27 12 27
2 42 31 34
33 39 12 15
44 8 36 17
41 29 17 29
12 7 16 13
42 48 5 29
21 28 7 9
38 45 29 9
14 12 24 21
49 18 6 6
10 29 10 2
38 6 7 8
7 12 44 4
40 30 24 46
6 47 40 11
38 7 37 43
40 7 12 21
13 13 22 32
0 26 34 12
33 26 29 23
8 24 47 45
10 26 15 24
24 5 43 19
32 22 10 19
13 32 33 27
24 38 25 25
14 49 42 6
2 29 21 33
5 4 30 8
32 24 16 35
5 1 21 42
31 35 20 2
28 9 39 29
37 18 19 45
5 42 39 6
29 6 17 37
11 5 37 5
17 45 44 34
16 22 23 14
21 22 3 43
45 40 30 44
29 8 42 21
43 27 39 44
46 40 46 44
22 13 13 25
3 9 29 24
49 26 24 13
40 41 15 18
32 10 44 16
21 31 29 7
43 12 19 46
0 12 8 29
46 22 46 13
2 28 2 47
32 15 6 18
30 6 39 8
20 41 7 21
26 9 46 26
32 4 26 48
31 28 46 45
27 12 40 34
21 43 25 7
48 5 45 42
24 45 20 6
19 11 2 44
10 35 44 22
25 44 14 24
7 24 14 41
33 18 18 37
23 35 8 28
15 21 16 25
3 12 48 19
8 42 32 41
25 48 33 48
43 43 1 25
44 25 36 31
23 12 11 3
15 44 4 34
7 41 19 45
33 13 46 32
7 40 37 30
18 31 1 31
18 17 39 6
23 34 18 34
28 18 31 16
49 6 43 42
22 11 12 30
45 11 48 11
2 18 49 12
30 27 26 12
19 38 24 30
44 9 10 31
30 36 39 43
13 46 14 46
38 23 5 14
10 47 46 28
43 20 45 29
18 28 22 2
24 26 36 15
24 23 12 14
13 9 38 4
12 17 46 20
19 5 35 22
21 21 46 21
21 9 37 17
25 42 12 14
15 25 22 5
27 25 30 45
45 39 48 48
17 22 42 16
21 23 7 44
27 17 13 26
19 14 46 10
29 17 35 37
13 35 41 47
30 48 13 17
21 35 42 5
22 38 4 38
44 9 41 37
49 39 20 20
42 45 46 8
19 36 31 15
17 4 2 46
23 33 5 40
34 25 38 10
7 48 10 17
18 46 3 29
1 30 10 39
4 3 15 16
36 41 16 16
43 16 9 34
6 6 28 25
26 20 18 3
17 39 37 6
34 20 18 5
12 10 21 3
1 10 31 9
26 49 27 29
30 18 28 34
48 39 24 2
5 38 13 30
34 7 6 23
27 7 31 21
14 9 45 22
28 2 39 11
6 27 46 44
47 13 6 10
21 4 40 44
15 4 10 23
46 3 13 4
18 24 14 14
28 21 2 42
34 45 29 19
30 8 7 11
10 15 18 11
21 39 3 45
44 19 13 40
37 31 5 47
38 12 5 49
16 31 12 28
0 4 31 22
46 42 15 18
40 46 28 8
17 10 42 48
23 24 29 32
43 14 12 13
36 45 1 29
28 22 16 4
11 20 23 19
33 42 14 39
2 26 31 24
8 24 23 14
44 33 17 30
8 45 21 5
18 33 25 48
23 26 33 40
6 25 6 9
49 26 6 35
13 29 41 22
42 9 38 12
0 27 42 20
39 46 21 22
24 41 18 5
42 38 32 10
17 11 3 14
21 9 4 10
24 3 12 48
37 40 44 15
49 6 34 7
38 29 47 12
38 29 46 9
30 9 25 45
7 19 46 1
3 38 29 31
25 9 41 38
10 42 37 48
14 45 9 31
1 8 25 1
21 18 7 16
16 47 31 28
47 19 39 10
36 34 6 11
46 41 12 5
13 49 2 43
26 10 24 32
23 16 27 19
19 8 29 19
16 13 8 5
34 26 41 31
1 14 31 32
45 19 26 4
27 17 21 9
8 42 9 18
40 39 28 22
18 2 2 20
15 32 29 15
11 10 20 38
16 9 29 5
6 17 5 38
37 8 3 36
42 19 31 36
47 11 21 49
26 38 47 49
16 5 46 32
14 29 48 29
11 7 47 6
27 15 12 3
28 26 6 42
16 23 4 18
37 18 32 7
17 36 28 30
34 9 10 27
41 42 31 21
27 18 42 21
17 36 7 39
15 3 5 38
6 26 32 16
12 15 1 14
3 36 35 18
49 39 44 33
3 18 11 37
32 30 42 46
3 41 14 19
19 15 1 4
30 42 35 47
45 46 16 23
40 48 18 25
35 21 44 37
28 6 33 16
25 8 44 28
28 9 4 33
4 13 21 5
21 33 43 12
25 34 28 21
30 6 10 48
31 9 40 8
36 40 19 38
15 4 2 17
33 3 30 15
13 14 44 19
16 31 14 24
5 8 34 8
11 37 25 45
8 10 18 1
21 3 22 26
0 38 9 41
38 13 9 44
30 33 9 11
6 45 37 12
2 24 41 29
21 43 24 24
28 3 21 12
24 18 6 30
37 38 14 20
7 4 28 7
41 45 34 45
1 20 1 24
9 34 27 33
34 41 45 12
37 22 43 41
22 46 29 5
18 34 4 47
9 21 27 12
39 27 46 46
6 32 31 41
45 17 45 27
19 40 35 14
16 36 7 13
35 17 23 27
10 45 45 26
9 39 8 19
36 7 45 39
10 41 24 34
16 4 36 9
7 15 26 48
22 40 11 23
23 37 43 31
15 16 2 45
16 24 20 41
34 40 38 13
45 49 41 28
28 19 5 22
19 47 34 19
41 18 5 48
43 39 35 5
6 8 39 41
18 33 43 4
41 10 36 17
2 33 27 42
37 30 41 29
25 14 4 49
35 25 11 38
21 44 45 26
47 42 45 43
10 11 26 42
0 39 20 17
47 32 30 29
30 35 28 27
22 33 48 46
44 40 18 9
17 47 6 38
10 27 17 37
3 7 24 42
6 8 42 38
34 18 37 37
9 9 30 36
43 49 41 38
17 42 35 39
36 4 25 35
46 13 20 20
41 12 13 36
37 33 25 20
0 38 36 6
36 31 2 20
14 21 17 5
26 11 43 23
37 21 37 45
5 40 27 36
3 30 37 17
27 18 21 31
21 41 8 7
40 38 48 19
11 23 15 5
21 13 43 45
0 11 36 6
46 11 45 45
4 12 22 11
31 8 8 32
31 46 38 49
17 42 21 41
21 28 24 9
16 28 17 20
22 18 15 46
37 20 35 3
14 4 11 28
47 49 49 31
17 2 27 8
33 33 4 14
41 37 25 6
28 2 9 35
6 21 43 20
19 32 13 12
20 28 42 31
40 21 30 27
9 22 6 5
25 48 46 26
24 34 17 32
4 10 49 29
47 44 24 1
26 32 3 44
42 7 17 31
29 40 40 49
47 47 46 42
48 39 43 36
44 31 16 9
18 30 32 30
12 36 20 14
18 40 26 7
26 9 11 5
31 29 32 40
44 24 3 22
11 36 11 41
9 16 23 21
15 41 17 18
4 6 32 26
9 41 30 19
18 36 21 14
1 39 18 32
19 25 2 12
45 34 20 21
7 24 42 41
45 2 24 41
29 36 34 32
13 44 10 27
42 27 22 27
7 48 36 4
1 28 23 49
3 28 13 17
39 34 39 38
27 38 37 2
23 46 21 42
27 43 23 9
35 46 44 48
7 49 33 18
27 29 24 2
12 31 44 4
39 37 15 35
20 15 35 11
47 21 9 1
44 1 37 40
25 35 8 14
17 38 33 2
22 8 43 41
25 6 40 16
48 13 5 1
11 7 4 9
4 41 5 21
20 23 16 5
36 11 43 34
43 41 21 43
2 21 3 40
36 8 15 45
21 43 49 16
33 47 45 7
40 6 38 24
43 44 46 47
40 25 20 25
35 19 17 10
25 45 10 46
48 7 12 18
3 41 17 3
13 14 18 1
19 38 24 26
46 41 21 49
35 18 37 9
31 24 33 19
35 3 21 43
31 28 27 11
23 22 43 12
9 41 5 40
26 39 37 10
0 25 30 1
13 25 28 3
23 38 47 47
14 29 43 34
14 42 35 14
11 11 32 16
21 33 24 28
11 3 14 45
3 35 9 21
17 14 25 41
32 42 25 25
20 48 2 3
9 46 12 20
35 36 4 18
6 37 37 41
7 32 27 21
45 13 7 22
25 21 36 9
35 23 39 3
0 28 8 19
31 31 33 41
34 2 28 42
8 25 38 32
36 4 5 26
33 43 48 26
46 26 8 38
2 9 14 28
12 21 36 4
26 41 22 27
8 21 21 14
15 21 11 44
24 41 38 2
13 48 45 49
21 31 10 30
46 20 25 20
37 36 39 33
23 12 6 27
22 16 20 6
3 26 47 48
12 24 22 26
33 46 33 18
23 46 46 14
24 10 28 35
9 30 24 1
40 39 40 45
40 47 26 19
48 47 31 33
4 25 1 23
42 47 48 12
16 15 20 34
49 18 4 42
30 12 42 34
30 11 15 32
17 41 37 28
35 36 23 2
26 31 29 18
20 37 11 14
35 13 11 42
17 46 23 35
35 37 44 5
7 8 28 19
1 7 16 10
26 5 44 42
30 43 6 45
9 40 31 25
36 48 36 1
27 10 28 43
26 28 24 21
49 4 30 12
12 29 39 29
41 39 23 28
35 12 45 49
28 48 27 15
11 34 5 41
8 23 9 23
35 38 21 48
41 3 48 30
14 36 35 40
26 6 2 48
2 6 16 19
38 24 13 26
47 32 39 41
3 20 36 48
10 46 5 9
19 19 5 21
18 14 19 8
23 36 18 45
41 19 15 38
8 42 35 22
9 46 28 8
44 21 44 16
36 33 23 29
24 1 44 30
40 49 25 3
10 33 46 1
44 40 11 45
33 24 6 19
0 16 8 1
28 26 12 7
5 18 35 1
15 26 26 34
40 17 4 14
38 37 5 38
26 32 6 17
18 40 40 45
28 12 1 21
21 37 39 44
43 10 1 29
9 36 38 14
25 42 19 4
26 44 46 19
39 20 28 37
10 30 20 29
19 12 15 39
12 32 40 1
31 9 24 20
17 3 49 2
33 3 44 19
16 47 43 8
31 48 40 47
35 44 30 13
16 24 49 18
7 2 46 7
48 10 23 18
30 4 28 14
28 21 42 32
3 39 40 14
2 37 26 7
9 22 43 6
7 24 26 35
39 33 8 2
21 42 44 19
5 46 22 40
36 42 44 2
39 31 8 13
25 30 17 2
37 5 22 42
3 28 13 22
31 5 42 37
26 16 20 15
16 38 5 19
10 21 20 13
7 16 1 46
47 14 18 27
6 21 38 49
23 39 5 37
49 48 33 5
3 46 40 17
17 20 19 38
6 21 49 3
7 16 21 39
20 1 4 48
32 31 9 41
9 9 46 4
43 29 25 12
32 7 1 37
0 47 21 41
27 7 43 38
3 7 36 1
36 2 12 19
24 32 18 46
28 5 24 14
49 15 19 24
13 15 47 35
48 9 41 10
36 12 11 27
4 25 47 40
27 39 46 36
16 37 16 22
3 16 1 11
30 42 27 10
22 7 42 44
1 14 3 7
39 43 22 19
35 22 28 5
13 18 20 39
17 48 17 45
13 44 18 38
15 34 38 22
29 10 40 32
40 25 34 28
17 48 48 39
28 22 42 36
43 45 24 5
29 25 7 8
19 30 28 22
45 28 15 46
42 19 7 31
9 9 6 38
0 7 19 45
46 18 43 6
27 10 38 21
8 5 1 28
17 20 33 7
25 20 38 16
7 49 45 31
40 17 32 19
11 46 19 44
23 11 35 24
27 33 27 29
47 9 49 6
26 7 49 3
27 15 9 46
2 49 16 46
38 32 15 18
8 36 8 28
0 41 15 18
3 1 42 43
17 11 6 33
14 43 25 29
0 48 49 37
10 27 44 3
19 32 3 14
17 24 42 16
23 7 12 27
21 32 27 19
17 12 12 38
7 34 22 34
36 16 46 42
35 33 2 17
40 11 41 3
28 31 16 43
14 24 23 2
20 45 39 33
33 25 21 43
33 2 30 3
17 28 18 9
30 30 33 27
45 26 19 13
21 25 2 41
27 46 25 5
20 37 6 22
11 5 12 34
23 41 1 2
37 47 32 25
32 26 21 22
24 43 10 2
5 37 13 1
35 17 20 2
19 31 5 49
34 46 40 2
44 45 46 15
18 44 35 42
40 15 9 27
37 2 31 12
20 39 6 41
21 19 42 28
17 6 42 6
12 20 2 29
24 11 30 23
36 8 24 36
44 30 33 32
43 29 30 40
23 22 21 47
35 17 17 43
2 11 10 49
11 3 45 25
31 27 13 48
22 41 27 15
45 43 28 6
36 15 49 40
28 36 8 2
46 30 49 49
26 41 19 29
26 9 24 39
48 15 42 12
0 15 2 14
9 1 1 39
19 48 6 28
48 33 3 24
43 15 10 48
8 35 19 6
24 4 29 39
0 4 48 8
18 25 35 6
34 45 16 9
11 44 2 5
24 45 26 28
22 2 45 38
19 31 11 30
21 22 42 6
43 46 18 19
13 43 38 9
6 6 44 1
46 36 30 13
43 30 37 27
28 13 36 21
37 15 24 43
12 1 45 17
37 11 34 23
8 36 16 29
23 17 45 16
25 15 35 14
26 12 46 15
46 41 41 45
13 7 7 38
41 44 26 33
25 26 7 33
30 49 12 45
2 1 32 48
20 48 40 29
29 45 34 46
22 25 28 28
14 6 5 31
37 33 4 23
12 5 12 40
37 47 17 21
45 5 11 13
35 16 10 45
9 1 42 2
11 6 28 12
39 24 15 39
9 42 41 8
4 15 28 45
6 6 34 27
25 44 44 46
24 12 36 5
27 40 48 48
15 45 11 1
6 17 1 43
16 31 4 10
36 41 41 33
32 7 9 18
24 32 29 34
14 27 16 17
25 10 46 46
36 3 13 27
11 31 27 45
20 48 20 19
28 19 27 34
26 35 21 37
37 37 49 17
44 27 27 22
0 23 2 43
24 38 8 46
33 6 48 24
25 38 32 42
34 9 41 34
7 27 29 11
20 12 8 23
0 26 10 36
23 34 31 24
27 42 23 40
1 1 26 21
4 22 45 31
26 12 44 4
48 40 10 34
34 18 26 10
12 19 43 31
27 10 16 45
47 19 37 42
10 45 1 17
5 8 7 28
39 35 17 20
25 18 18 20
16 2 40 2
12 31 7 41
15 38 33 34
41 49 30 45
13 12 23 17
15 4 9 29
43 12 45 47
7 27 32 35
45 20 25 30
30 12 40 16
46 7 46 21
44 43 26 14
4 3 13 36
10 32 46 2
33 33 15 41
18 11 11 6
41 5 41 44
44 45 5 22
22 33 21 8
40 13 24 33
0 15 22 19
41 34 49 31
37 49 14 19
13 2 4 41
0 23 19 10
47 5 46 21
7 49 14 15
0 40 29 23
25 12 47 19
31 11 6 7
17 1 44 7
49 22 35 38
8 12 49 40
