759 3
3 9 12 19
31 48 10 35
29 47 49 24
38 36 41 17
31 2 3 26
34 21 21 28
31 42 26 37
44 4 41 10
50 29 20 21
21 27 27 10
47 21 24 16
13 50 48 28
14 48 18 36
11 9 24 19
15 43 33 32
3 17 20 10
14 27 48 40
13 43 12 23
1 4 22 45
1 48 9 15
10 33 18 2
1 8 19 4
11 18 4 11
27 20 13 33
40 17 9 35
1 30 13 44
44 26 17 45
44 49 21 5
37 38 40 22
44 22 10 6
27 46 3 50
11 34 19 29
46 44 2 3
42 39 31 45
31 2 33 27
33 25 38 29
24 21 49 29
33 20 28 35
40 18 31 28
10 33 1 14
40 20 41 6
34 36 16 18
3 36 39 45
44 38 26 1
13 44 7 41
42 20 24 40
42 38 27 25
26 19 38 32
31 30 37 7
5 45 27 15
26 22 44 33
3 32 30 1
31 1 48 15
30 4 26 44
26 15 37 5
24 7 14 46
49 44 39 42
5 27 32 5
49 17 39 13
36 46 18 7
31 2 43 26
15 17 14 44
16 7 21 47
38 17 2 18
28 19 22 6
17 4 21 12
19 19 15 38
11 50 12 33
16 30 7 13
18 28 1 36
29 4 48 19
23 8 37 22
50 46 31 14
19 26 46 42
0 37 13 27
24 7 30 26
33 13 49 5
7 30 30 49
1 10 40 50
37 5 23 8
2 37 23 37
50 38 6 3
35 4 36 21
21 35 46 19
41 10 33 8
46 39 11 50
1 8 7 18
24 8 40 19
10 29 41 14
32 23 44 8
22 44 24 17
36 9 23 31
24 3 8 37
25 44 35 32
27 42 24 34
30 41 2 36
23 48 18 1
16 44 18 45
50 12 25 47
3 21 29 37
4 37 21 14
1 18 25 19
35 39 10 1
46 33 36 15
1 38 19 5
47 41 16 30
33 35 10 17
6 2 39 37
26 26 26 2
16 13 37 47
42 11 33 28
12 18 27 7
39 41 10 48
5 33 20 43
27 15 7 10
48 13 29 50
30 25 39 22
27 36 3 3
7 12 23 12
41 3 17 25
45 50 41 11
36 41 29 4
12 31 46 13
7 44 15 45
2 4 43 22
49 49 41 6
38 33 41 42
24 19 18 35
39 41 5 45
10 10 15 6
28 1 10 8
1 47 46 23
49 45 22 21
19 41 43 36
27 8 34 45
29 33 14 12
29 11 2 45
2 6 12 48
38 38 23 44
5 37 19 32
47 49 17 5
46 6 25 35
33 19 1 36
33 22 29 11
1 19 23 14
46 45 31 21
8 24 27 46
42 7 48 12
19 48 48 31
15 20 9 27
24 42 7 26
8 38 8 45
38 24 42 34
4 50 43 18
45 33 26 29
9 14 37 16
4 42 10 44
14 14 40 35
23 23 39 49
7 16 13 50
48 22 48 7
4 42 8 19
40 17 45 42
22 32 8 11
26 26 29 34
35 6 40 31
11 20 46 25
11 18 29 25
46 44 46 17
44 31 14 21
47 49 12 35
9 42 23 16
46 47 19 46
16 48 11 40
47 18 6 4
34 50 28 19
28 36 27 14
2 18 46 30
2 28 7 45
36 39 48 14
48 37 33 35
16 31 18 1
31 16 35 38
28 41 35 35
12 38 20 22
9 46 5 24
11 5 38 44
48 17 12 43
19 23 38 26
6 34 7 34
10 46 33 50
9 18 50 6
30 10 32 5
50 1 7 3
45 37 17 22
45 4 41 27
33 8 20 21
26 20 22 45
29 13 12 8
37 29 28 25
49 36 43 41
5 18 29 24
49 45 20 34
1 36 9 23
39 41 18 43
48 4 10 8
4 29 7 19
12 4 9 27
0 4 37 41
17 23 2 21
11 11 41 41
46 18 45 7
16 20 38 36
10 27 26 32
15 3 45 41
45 25 37 34
37 50 8 18
42 41 45 34
25 15 19 49
36 48 23 11
22 46 11 41
16 44 1 42
46 44 18 7
10 1 37 9
12 50 35 38
28 43 31 37
10 49 3 32
19 32 15 25
5 50 6 15
42 33 10 21
4 21 4 45
23 10 30 20
29 45 1 40
9 50 7 42
15 39 5 15
46 12 44 36
7 27 39 42
48 35 44 4
49 43 40 8
12 12 31 42
41 15 28 1
1 13 11 15
19 21 33 30
50 9 37 36
12 25 46 28
7 12 40 47
23 35 11 44
43 15 48 23
26 22 22 39
1 47 23 10
11 43 4 48
24 13 45 3
20 18 45 30
1 41 31 9
21 40 7 50
42 28 3 36
0 30 35 33
32 37 48 27
12 49 35 19
45 43 16 19
41 20 19 30
37 16 24 23
14 19 8 24
17 49 24 18
28 24 34 17
4 37 40 1
1 10 5 32
13 18 46 36
50 8 18 14
33 7 32 49
48 12 47 37
5 4 7 33
3 1 24 46
39 46 1 20
28 41 7 32
9 16 33 37
29 14 20 26
10 7 11 8
25 23 32 18
37 15 12 19
40 30 47 41
31 50 12 19
13 8 16 10
26 22 36 45
19 35 9 39
19 50 1 43
5 36 19 32
4 49 35 4
38 41 19 41
26 48 17 27
30 42 43 37
28 4 24 36
27 32 35 15
47 15 34 44
17 15 40 1
27 12 30 20
14 38 15 9
34 31 4 28
32 11 43 36
41 31 3 45
40 1 41 35
49 23 25 33
47 22 30 30
9 9 46 42
32 43 21 5
13 34 9 34
47 37 36 44
14 8 14 43
43 2 39 5
10 39 31 19
15 2 37 13
10 9 22 28
16 38 16 5
46 4 13 33
8 39 43 50
49 29 42 5
7 15 1 47
44 10 11 40
38 6 35 30
47 14 40 23
14 48 21 29
16 37 22 33
35 23 21 15
20 9 36 49
36 48 25 16
22 17 36 14
23 41 5 8
23 43 28 25
19 31 46 7
18 14 17 49
9 1 8 4
14 44 3 13
46 12 8 33
26 39 32 30
22 29 40 48
44 28 2 38
30 13 24 10
37 46 27 29
38 44 32 50
44 37 11 17
39 33 6 3
0 36 15 45
49 30 12 18
21 11 41 45
7 21 11 33
19 14 29 4
25 30 7 36
20 21 13 12
24 19 50 47
27 19 45 46
26 17 20 47
9 16 19 23
30 10 37 50
35 27 49 17
47 13 46 14
37 36 2 13
21 42 34 13
4 25 31 9
36 11 37 12
19 19 47 11
6 18 44 33
7 12 45 23
2 15 44 22
38 35 35 41
47 19 16 47
24 18 42 12
5 7 21 11
33 44 42 21
26 40 36 1
16 10 42 6
38 1 29 8
43 16 43 11
28 2 26 6
40 44 9 4
43 14 37 20
39 30 31 35
19 19 24 26
28 38 24 7
45 25 7 10
36 24 27 19
13 5 40 26
43 29 8 43
12 16 8 3
24 13 3 14
44 39 23 38
15 41 3 27
5 2 2 37
5 43 15 40
38 6 34 31
19 4 23 17
23 9 1 17
45 50 26 14
9 22 29 17
0 8 49 38
0 15 38 7
18 48 19 4
45 7 42 49
31 3 7 32
25 7 37 23
46 8 5 11
22 3 11 31
43 15 10 45
7 47 27 43
41 47 28 43
13 20 11 22
13 11 3 6
16 2 41 35
5 37 46 23
23 33 40 28
10 7 32 29
7 36 2 22
40 12 31 44
22 14 11 22
8 41 50 42
30 41 1 48
5 3 28 11
21 9 45 48
7 13 14 33
4 13 16 31
41 27 2 15
26 46 21 43
36 21 32 49
47 11 42 39
7 46 36 15
12 17 2 23
36 23 6 13
3 40 7 28
11 13 19 16
47 29 38 4
32 19 11 8
37 24 14 6
0 45 14 44
24 29 21 3
10 31 35 44
13 6 40 29
39 1 31 27
41 40 22 9
47 3 28 46
18 50 22 6
1 34 23 37
18 49 9 14
26 27 10 36
7 34 32 29
43 19 30 12
47 7 37 41
28 31 50 17
4 43 26 45
48 44 12 24
48 34 15 11
16 22 11 22
50 9 34 16
27 37 38 11
7 13 24 25
20 8 9 5
42 50 34 50
4 45 50 28
12 42 46 45
22 50 11 8
29 1 34 27
3 36 30 6
46 5 20 31
47 31 37 8
13 26 48 15
14 7 45 42
12 44 34 6
39 31 17 25
36 28 29 18
45 21 22 36
33 11 3 8
9 8 44 17
15 13 24 42
16 33 10 3
17 46 7 29
47 9 25 37
4 2 13 3
46 31 3 19
7 12 28 47
49 13 40 12
5 14 49 19
24 24 29 8
22 4 34 23
18 19 15 42
10 18 18 26
40 48 47 47
20 17 1 44
36 10 26 43
25 19 46 48
41 30 46 6
35 11 33 15
41 39 43 47
41 48 4 32
22 44 49 26
18 34 31 40
35 9 42 37
22 36 41 48
5 3 45 13
42 1 11 14
12 17 43 17
27 21 44 12
2 10 47 13
14 45 19 19
32 41 45 5
3 42 6 48
21 13 21 42
6 11 42 21
38 44 43 25
40 26 11 13
27 41 39 6
38 37 48 21
43 27 45 19
16 35 32 36
30 31 2 34
24 33 35 22
43 30 12 10
18 36 1 45
41 41 26 20
45 16 48 9
10 22 13 3
31 34 39 2
20 23 5 40
30 4 37 13
16 20 2 31
18 40 27 47
7 1 2 10
1 18 13 21
27 21 36 49
42 13 25 24
50 33 31 13
18 24 28 26
29 19 46 31
15 29 46 47
34 13 36 28
30 45 1 35
22 33 9 43
7 21 43 1
13 17 19 17
18 14 42 21
40 34 13 45
23 1 47 19
0 46 47 7
48 13 4 7
23 21 33 44
28 30 13 47
45 19 10 41
20 15 49 23
12 34 45 28
49 14 23 11
17 14 8 46
17 42 24 49
36 38 11 13
4 50 27 42
2 14 1 44
29 42 2 31
27 8 2 2
37 16 9 3
47 42 2 40
33 5 35 23
38 24 22 45
47 14 50 11
7 48 35 3
15 22 24 16
18 13 48 50
14 50 8 23
4 26 41 42
11 8 45 28
30 13 28 30
43 1 25 40
26 48 42 11
26 18 34 7
15 35 18 36
9 31 16 24
48 41 8 37
40 36 1 48
12 50 37 46
24 20 7 43
48 11 47 24
9 49 9 20
49 48 46 43
14 16 36 43
5 18 26 45
22 43 38 43
6 18 9 32
29 5 43 1
43 31 50 20
19 40 9 40
34 30 29 6
15 6 13 16
43 24 37 1
22 50 25 37
29 50 12 46
37 3 1 37
41 8 4 12
27 35 10 2
21 32 32 38
36 17 16 23
14 10 38 35
48 29 19 12
22 40 13 34
21 5 20 4
21 4 35 46
28 15 11 7
40 12 36 19
29 24 35 35
34 38 18 8
47 1 16 24
13 37 11 50
36 47 40 37
31 17 2 45
16 46 36 15
46 2 21 7
22 7 39 37
46 11 33 33
11 21 20 44
37 3 10 16
39 3 50 1
21 33 1 3
27 44 11 21
33 24 29 41
47 1 21 34
30 34 30 6
46 45 12 31
17 24 34 17
26 17 37 46
29 47 16 37
3 5 4 1
25 29 23 11
0 8 15 24
43 39 44 20
37 35 31 19
28 10 43 27
29 44 31 32
11 34 1 3
38 45 32 13
37 50 12 39
19 17 40 15
4 20 9 34
23 36 23 29
20 26 23 21
48 37 34 26
28 38 16 41
3 6 4 7
4 21 14 18
7 43 46 24
21 49 17 26
0 39 42 44
0 50 43 26
43 4 30 11
14 39 29 9
46 20 50 27
48 1 31 14
23 37 33 26
31 8 18 2
9 40 20 3
31 39 12 20
10 41 49 49
34 35 17 44
46 10 39 40
30 50 50 28
3 34 14 11
42 23 21 38
37 20 38 17
5 35 13 30
1 41 18 8
12 12 12 21
21 4 3 6
2 31 21 47
9 28 35 21
47 26 17 3
7 33 14 41
30 40 43 12
21 34 30 35
20 50 11 42
1 22 4 39
7 39 39 40
44 41 44 1
31 38 50 32
22 14 44 49
24 35 31 12
26 21 10 29
10 35 45 35
17 20 41 40
6 4 46 32
16 46 10 9
0 42 48 18
49 32 23 30
43 28 2 25
21 30 23 21
16 25 48 49
16 49 21 19
32 19 26 33
44 15 38 21
47 29 7 17
27 16 44 31
3 35 28 21
19 6 20 2
44 48 1 46
11 17 2 18
33 11 11 39
38 47 24 30
10 20 49 20
37 29 23 41
22 8 26 33
9 40 35 6
16 35 16 28
24 20 13 28
4 12 14 47
37 22 26 23
46 14 42 20
40 11 32 26
34 27 17 47
29 12 24 45
27 1 41 40
30 9 2 50
39 45 4 30
45 31 26 36
41 45 29 9
18 2 32 38
7 7 13 18
43 9 31 11
21 4 35 17
0 11 42 19
30 34 47 38
6 44 3 41
39 43 23 33
45 8 13 22
4 5 20 43
43 12 38 47
45 44 9 33
21 42 29 31
37 33 49 31
19 40 14 3
10 42 2 5
32 37 2 46
33 16 39 34
37 25 18 34
48 33 38 13
36 11 33 11
5 9 42 23
21 22 37 31
37 40 34 9
50 24 45 9
14 6 8 8
25 12 19 47
34 25 33 37
18 12 6 41
16 36 3 35
27 32 35 3
25 5 36 17
43 3 29 5
0 45 7 22
26 41 31 18
32 9 49 44
15 1 34 38
14 40 40 38
44 34 37 45
19 2 48 1
15 11 35 35
5 9 7 45
0 34 44 10
