25409
24773 24304 21087
25053 20352 16716
19327 20374 12191
24544 25098 6395
8177 25374 18445
8218 24717 17276
24952 21255 9353
25054 19823 11327
23482 4124 19020
15672 9857 19044
2552 9895 7487
24190 19846 24663
23209 25014 21903
16092 17523 25297
5266 18144 24303
24352 23721 25387
22143 20396 13646
23494 23141 25300
21438 6770 24771
19879 24564 15477
13061 15834 25233
11535 17550 16744
2599 13758 23664
1098 9933 13136
5310 24853 13679
13911 19343 17951
25015 17074 21447
19350 2545 50
23013 15864 1784
7043 19367 20267
48 15894 13712
24000 16494 23051
22159 21275 19068
7085 25340 6437
10414 22773 15507
21456 23441 23426
20341 25342 25303
23758 7694 25052
12291 10921 10513
23222 18768 22335
14505 19391 23440
25055 20814 21921
20362 900 16107
11571 10958 12226
5882 12274 23846
8915 13044 8553
24010 16523 25058
18703 20418 9392
23235 24860 22352
98 15924 24050
23506 18793 3309
13095 23734 6479
24360 25375 25178
17113 949 13745
20383 12309 22369
19373 25103 15537
25056 9155 13170
5354 17577 14950
25017 11698 24061
21888 23455 22811
2646 6812 7528
22175 7735 25064
7127 6854 23858
148 24314 25070
24199 18818 24072
10832 7776 19092
16121 14418 17977
24368 6896 11363
12326 12379 20751
198 8555 18470
16469 24324 19692
18727 24867 19116
21474 25020 19715
21905 17131 5707
11607 24334 6521
23248 24874 2792
14537 19415 24313
7169 23156 23066
23027 14450 25351
20677 23469 22386
18203 3203 25388
1147 19869 10550
13944 9971 25389
24376 20835 25237
5925 1537 21107
18228 24573 16136
24551 50 7569
24955 100 8593
4366 19892 3355
21077 13078 6563
20697 18843 25353
7211 24073 25355
20404 13791 12261
15145 24725 9431
5968 15954 8633
21096 20856 12296
22623 6938 7610
23261 25108 21466
24635 14482 6605
4411 23483 1832
17761 25283 8673
9595 18170 11399
13977 6168 6647
3492 6211 9470
24558 14514 13778
16497 1585 22403
21492 24881 24947
15702 8595 16165
18253 25026 12331
8259 13112 25076
20717 16552 16194
20737 11734 19140
1784 25376 13204
25057 16581 16223
22191 25203 25357
23274 24582 18003
21922 13146 22420
23518 15090 21485
25058 3296 8713
22638 25377 25241
9634 21295 21504
24868 10009 24954
23530 23929 11435
18751 13824 3401
16525 3342 24961
11643 8635 17303
14010 25378 22437
23041 10047 12366
1196 22789 100
24641 15984 11471
9673 150 24083
4456 21315 14981
15732 998 9509
4501 25286 2839
20425 18868 12401
17787 24344 25359
24384 25289 24323
24392 22193 1000
1245 5024 8753
15176 21335 15012
12361 18893 18495
9712 200 19738
25019 20440 18029
248 2592 8793
298 24888 18055
5398 21775 10133
23055 250 22827
5442 21355 21127
17813 25113 15567
24958 10995 20772
24872 18196 18520
24961 14546 16252
3538 17604 24779
10452 10085 18081
7253 24591 21147
21939 10123 18107
8955 19915 24787
22653 1047 19761
22207 11032 22454
17839 13857 10587
23769 4169 25390
22668 23941 11507
24400 19938 20289
22223 24733 1049
10490 10161 24672
24408 4214 1098
2693 17159 18545
2740 25292 17330
23542 24084 24681
348 23497 5091
8300 17631 0
24876 3388 25391
22239 23171 20311
22255 21794 24968
25059 13890 1880
7295 25295 10171
24020 2639 25245
23554 2686 6689
18775 24354 19784
24964 17187 24333
18278 19961 5750
1832 24095 19807
10869 17215 24094
23287 23511 20793
24647 12344 23454
1294 300 1928
24565 6254 25392
25060 3434 25306
8995 10199 24343
24208 6297 9548
21956 15121 22471
25061 22805 1976
20757 6980 13238
4546 19984 15597
21115 10237 21939
20777 21813 3447
23566 5068 3493
7337 10275 25309
19396 10313 10209
14043 18918 4551
23300 24364 22843
14076 23186 25183
10906 25207 19164
1880 15152 150
22271 10351 8833
22287 23525 17357
16150 24895 18133
22303 20462 25393
21973 1633 9587
24880 1096 5793
6011 6340 24353
1928 11069 22488
15207 18222 200
24030 22211 13811
24416 23953 20814
20797 23539 19188
15762 22821 21167
17865 23965 250
10943 17243 23677
24040 20007 21523
21510 10389 23081
17891 25298 25361
23780 7817 19830
23578 14578 18159
15238 25301 7651
13129 23977 23096
18799 1145 25082
18823 10427 12436
24424 22535 15627
24884 7022 20835
24888 5112 20856
16179 350 24795
4591 25344 24690
24432 17658 13272
23590 17685 4596
19901 25118 300
17140 1681 6731
23791 25379 23111
20817 18943 14438
18847 8675 6773
6054 17271 19853
11679 3480 25088
17917 16014 24975
20837 7858 25394
22683 1729 2886
1976 6383 18570
24653 19439 22859
17167 18968 14470
6097 13923 15043
22698 23553 24803
19923 16610 21187
8341 22837 18595
7379 4259 1147
14569 24902 7692
21528 11770 18185
10980 20030 23126
19419 25211 11543
2787 10465 5135
10528 10579 17384
9035 11106 25363
24572 5156 14502
12396 13956 22505
23313 24600 7733
24778 11806 21957
19945 16639 5179
23802 15183 21542
24440 13180 17411
2024 1777 10247
14109 18248 21975
15269 25380 16281
24050 20053 18620
14601 25123 2933
15300 24106 1196
20857 24117 24363
24060 24609 21993
22319 23567 23690
15331 20076 24373
3584 14610 16310
3630 1825 10624
22335 4304 23141
24070 25215 13844
9751 2733 25188
16553 12414 19212
1343 5200 23870
13163 22853 2980
12431 15214 13877
19967 24741 20877
16581 24128 18211
14142 11842 20333
21134 5244 19236
24080 23201 25312
19442 25304 24105
20446 4349 16772
7421 18274 24811
2834 7064 12471
24217 25346 9626
24090 18993 15657
14175 24749 3539
17943 11878 19876
17194 16668 22011
7463 21375 22522
24659 13214 25249
13197 22229 25315
20467 12449 23468
19465 23581 19899
22713 24374 12506
25062 7899 2024
17221 6426 18645
16208 2780 24982
3676 25032 14534
2072 19463 8873
17248 25128 9665
21546 24618 24819
19488 2827 7774
19511 22869 21561
21153 23216 23703
12466 14642 7815
24226 25307 7856
4636 400 19260
23602 24909 21207
24235 11143 19284
24892 8715 17438
25063 23231 15074
19534 4394 5836
21564 22247 24827
18303 23246 21580
5486 21832 20355
19989 13248 24383
16609 20484 17465
23813 20877 3585
24665 21395 23716
24448 6469 1245
14208 16697 24989
22728 9194 13910
11017 14674 23482
23069 22265 15105
24967 17712 24835
6140 20898 22029
24671 10503 13943
9790 4439 5879
15362 8755 24393
3722 22885 21599
24100 13282 4641
23614 7106 24116
7505 23747 14566
23326 7148 5922
20488 25310 8913
21990 25381 25395
11715 14706 24403
17969 24627 16339
16637 7940 6815
2120 20919 20898
12501 21415 23156
3768 24384 17492
18871 19487 25396
24783 7190 23496
15792 1873 23882
17275 23989 23729
18895 25133 16368
1392 4484 25365
2168 18300 5965
24896 11180 16800
20877 24636 24843
21582 13316 24413
14633 12484 21618
7547 2874 4686
25064 21851 24851
15393 18326 6857
17302 23595 11579
2216 1194 11615
23626 20506 13306
24788 25138 14598
11751 13350 3631
19557 25382 19922
13231 1921 9704
5530 25383 20919
20897 24001 16828
23083 0 3677
25065 17299 22539
398 9233 21637
20011 22901 21656
25021 14738 7897
22007 21870 22047
20033 11914 24859
17329 22283 25094
24793 24757 22875
23824 17739 5223
24677 24916 25318
21600 14770 25253
20917 23760 16856
6183 19018 350
12536 17766 3027
21618 16044 24423
18919 21889 18670
24970 15245 25193
7589 25219 22065
13265 25038 3074
23638 20099 24127
8382 15276 25397
9829 20528 10285
15424 17793 24433
23097 25223 6899
15822 12519 24138
22743 9272 15687
6226 24013 10661
23835 20122 24443
21636 25313 22556
3814 1243 16884
22351 25384 1294
24456 25143 25367
11054 7232 25198
6269 24765 23894
13299 20145 20940
1441 13989 9743
24900 19511 15136
22758 22301 6941
19580 23261 17519
25023 1969 19308
17356 22552 23171
14241 12554 24867
448 24773 23186
2881 19043 25398
24683 25348 3121
17383 24781 4731
23650 25227 25321
9075 25350 1343
24798 20550 14630
11787 23773 24149
11091 24394 24160
17410 21435 10698
0 12589 13340
23111 24404 25100
11128 16074 16912
9115 16104 19945
14665 2921 21227
24689 15307 23201
10566 2968 23510
23339 13384 7938
17437 11950 16397
24803 19535 19968
11823 21908 15717
23125 9311 17546
21654 20940 10323
3860 25385 1392
16665 22917 22573
16693 24139 24453
11859 3526 23906
12571 18352 23216
6312 11217 1441
18943 23786 9782
9868 13418 16940
9155 5288 3168
11895 21455 400
4681 25044 17573
18328 22569 3723
6355 5332 11651
2264 17820 7979
21672 24414 24699
11931 25148 24875
11165 22586 19332
21172 25352 3769
14274 24789 24463
24695 23276 12541
24110 16726 25399
24701 21927 15747
25025 450 25324
23352 19068 14662
13333 11254 25203
4726 19559 21247
13367 7981 23231
18967 3572 25257
24808 9350 4776
16721 19093 2072
11967 12624 10735
22367 25153 18695
18991 9389 23524
3906 11986 13374
10604 11291 16968
22383 20961 22891
23846 25231 8020
19603 25386 22083
7631 14022 23246
13401 4529 24473
16237 14802 11687
19015 23291 2120
9195 3618 6983
21191 25235 23918
24973 18378 19991
21690 14834 24483
9235 24645 10772
15852 20982 25327
23662 9428 24996
24244 22603 1490
18353 13452 17600
24707 21946 12576
24713 21475 20961
7673 4574 16996
7715 23306 12611
8423 24654 18720
24904 18404 25261
14307 23321 17627
20937 23799 11723
16266 16755 4821
20055 22933 3815
22773 25354 12646
23139 25239 25369
22788 21003 16426
9275 22319 8061
22024 6512 9821
24976 23812 25208
16295 5376 8953
12003 25356 12681
19626 21965 8102
19039 8022 24493
498 24663 23261
14697 25158 23538
19649 12659 25106
3952 14866 20377
23857 25050 10809
9315 22949 25371
24719 25316 3861
14729 21024 18237
22803 15338 25003
14761 6555 25373
6398 14898 23552
12039 25056 6008
24908 25163 22590
11202 12694 8993
24813 18430 14694
9355 16784 24883
19672 24150 11759
22399 21045 3907
25027 12729 24503
17995 22337 5267
21210 16813 25400
16749 25387 20399
24979 20572 1539
20509 21495 20014
23153 2017 14726
24253 16134 25330
22818 18456 22607
5574 7274 15167
9907 20168 23742
24120 25358 24171
25066 24424 17024
15455 8063 20982
23365 14930 20037
22833 5420 23755
12075 23609 24891
21229 5464 9033
23378 24923 12716
20530 13486 17052
24725 12764 21675
23391 17327 5311
16324 7316 13976
3998 25168 15777
15882 23825 25213
7757 23623 17654
2312 16164 25333
22848 13520 22101
18021 21984 8143
24912 20594 6051
24579 25173 450
23674 10541 8184
19063 2065 24513
6441 17847 21694
21248 4619 25010
24130 25319 18745
10642 20191 23566
8464 22355 20060
24731 3664 24899
24140 21066 23580
22041 20616 16455
18047 25243 500
16777 7358 9860
23167 15369 25265
548 4664 17681
11239 24161 25401
15912 16194 23594
17464 15400 22624
13435 24930 4866
12606 25360 7025
8505 23336 19356
25067 14962 10361
1490 25247 25017
22058 16224 25336
20551 3015 12751
21267 16842 15807
16805 9467 7067
25068 20638 12786
4044 22003 5355
8546 8104 18770
18073 23637 23608
18378 5508 19380
6484 24797 21713
20077 15431 24523
15486 2113 24533
6527 14994 14009
598 20214 23930
19695 12799 8225
24737 19583 24907
17491 15462 24182
24586 24434 23276
23181 12834 16484
24916 22620 15837
11276 22022 550
21708 24025 18263
24464 16871 24543
19087 19118 24553
24920 23351 20083
19111 24444 13408
13469 8145 18289
7799 5552 18795
15942 23366 10846
9946 23838 24915
6570 23651 20106
20099 24672 23768
23868 2161 3953
2928 12022 14042
22415 18482 8266
7841 3710 23781
24818 11328 23794
22863 24172 3999
24743 8795 21267
24593 5596 24708
8587 4709 25402
18099 22965 20129
15972 19607 24193
9395 12058 20421
16353 5640 2168
9985 1292 4911
21286 7400 11795
22878 17355 24563
18403 25388 5399
20121 19143 16513
25029 13554 600
14793 500 22119
24600 25389 24204
22431 22373 18315
2360 2209 6094
4771 24183 4045
1539 2257 13442
22075 3756 10883
24472 22637 15867
16002 20660 20443
20143 2305 22137
25031 19168 17708
16833 21087 21003
23879 17874 2216
24924 23665 4956
20572 23679 21287
20593 24454 13476
24823 10617 25269
6613 14055 17080
22893 12869 10920
24928 18508 25403
24480 8835 17108
4816 17901 25024
22908 3802 14075
23890 25362 17735
21726 7442 18341
25033 14088 21307
2975 4754 22155
21305 24805 650
19718 25390 20465
18428 7484 7109
6656 16254 10399
25035 21515 22907
18453 25322 21327
24262 21108 16542
648 15493 8307
25069 24937 23942
25037 21129 25404
24932 19193 19404
13503 19218 5443
18125 25251 12821
24936 22391 2264
11313 21150 21347
10024 21535 25112
6699 24037 9073
23404 11365 17762
24749 10655 24573
23417 16284 25339
16382 8186 15897
24755 19631 25118
19135 24464 10957
5618 5684 11831
4861 24474 23807
24982 6598 3215
20957 17383 14758
15517 9506 2312
14340 18534 18367
16032 25255 24717
16861 22654 10437
19159 15524 4091
18151 25364 25031
19741 15555 23954
16889 20237 22641
10063 550 22173
23430 17411 23966
24985 6641 24215
14825 16314 9113
20165 24484 25124
24988 600 19428
24607 15586 19452
8628 24681 25405
2408 5728 1588
21744 9545 4137
24488 8227 14790
16917 23381 23978
14857 21555 9899
23901 16344 11867
3022 17928 21367
25039 18560 25130
9435 24494 25136
21762 25391 15198
24614 22981 21024
4906 24944 24226
21780 1341 25218
23443 11402 25375
10680 13588 14822
4951 22041 15927
19764 24951 11903
25041 24194 14108
21324 24958 14141
1588 12904 5001
14889 16374 17789
6742 21575 9938
24940 9584 22658
20187 24813 4183
3069 1390 3262
24991 14121 2360
1637 3848 700
12641 25178 9153
24761 25062 2408
22447 16900 21732
24828 24504 22675
698 21595 21751
24994 21615 10994
9475 12094 9193
17518 24965 25406
19183 17439 12856
24150 25325 9977
16945 20260 22191
24997 24514 23291
22092 25068 8348
13537 23693 20152
21798 25392 22209
14373 9623 18820
16973 3894 7151
17545 17467 24583
14921 14154 22923
24833 19243 21387
20614 22671 20487
24271 24205 750
23912 21635 18845
23686 18586 25273
17572 24821 23306
8669 24216 25223
24280 22060 20509
18478 22079 16571
4090 8875 23820
4136 24227 6137
6785 15617 15229
7883 8268 23622
25043 19268 1637
8710 4799 20531
22923 18612 25142
25045 650 23321
748 22409 20553
7925 25393 8389
22109 3940 25342
6828 14187 24726
21816 5772 24593
25047 3062 16600
25000 12939 23636
798 25366 20575
6871 13622 14174
10102 24238 11939
2456 23707 25277
22463 25368 19476
24838 21655 21770
22479 8309 21789
24843 3109 17816
23456 21171 20175
1686 11439 20597
24848 24972 24735
10141 24979 11031
8751 17955 6180
21834 22997 24923
22495 10693 23990
11350 24524 18393
8792 8350 4229
14406 25259 20619
22938 25394 22692
25070 25183 7193
19207 23396 24002
4996 23851 23650
12676 12130 7235
10180 13656 16629
19231 23864 11068
20977 25263 25377
21343 12974 21808
24289 23013 17136
17599 18638 12891
25003 11476 18870
1735 12166 13510
9515 21675 21407
23698 16929 6223
19787 24534 25281
11387 7526 8430
5041 21695 20641
22953 17982 24014
5662 22427 22227
19810 22098 800
8833 20682 15957
23710 12202 13544
13571 22688 2456
21362 22117 24931
5706 23411 19500
24298 23029 25285
24496 10731 23336
17001 15648 25345
12111 8915 20198
7967 6684 12926
17626 21192 5487
14953 5816 7277
19255 8391 22939
19833 23877 17843
13605 5860 22245
5750 13690 25379
8009 22445 24237
15548 24249 25381
9555 8955 22955
22511 24260 6266
22527 3986 2504
3116 24049 21045
6914 9662 24248
25071 22705 14207
22968 25395 15260
21852 15679 7319
13639 22463 21066
16062 24829 18895
17653 24986 15291
17029 23045 12961
24504 22481 24259
10219 16958 4275
10258 4844 23351
25049 24271 12996
10297 22722 24744
24944 24993 15987
10336 25396 4321
10718 1439 2552
13673 700 11975
14985 14220 17870
23923 18664 22971
13707 8995 24603
24853 25074 14240
18503 22136 15322
3163 3249 17897
20209 6727 12011
24160 23061 9233
15017 25000 20221
6957 21715 22709
21870 17495 850
18528 750 12047
3210 9701 25148
20997 20704 14273
22543 16404 19524
25072 23077 11105
14439 24544 24613
4182 14253 17164
8874 14286 13031
10756 20726 21827
11424 4032 900
4228 19655 20663
22559 7568 15353
23722 24061 25154
24307 20283 24623
12711 23890 17192
24316 25007 13066
24621 25188 21846
8051 11513 10016
19279 25328 13101
3257 7610 22987
5086 25267 19548
15579 16987 13578
8093 22739 9273
23469 9035 22263
24325 4889 18920
21381 20306 25407
18553 18009 16658
24334 1488 11142
22983 20748 21865
17680 20770 22281
12746 14319 19572
12781 19293 950
23934 9075 25383
19856 25397 22299
15610 25331 20244
20635 800 2600
20656 9740 23833
23195 16434 15384
24767 17016 20685
18578 20792 9313
848 21213 12083
3304 15710 24939
11461 18690 7361
12816 5904 17220
3351 5948 23366
12851 23093 22726
23734 11550 1686
21017 9115 20707
898 19679 23003
23945 8432 17924
23956 15026 11179
25006 18036 2648
22998 25080 24633
15641 5992 24026
20231 21234 25038
20253 13724 16017
8135 24837 24038
13741 17045 5531
5131 25398 18945
22575 2353 14306
20275 25193 22743
25009 25086 24270
2504 14352 15415
24858 24690 6309
17057 17102 17248
21400 25198 10055
948 2401 11216
5794 22756 19596
24512 6036 19620
25012 23903 25228
13775 25271 14854
18603 4934 24643
4274 14385 23381
18177 25370 24753
24343 10769 21884
24170 18063 12119
12886 24699 23396
22591 22499 19644
21037 11587 6352
12147 3156 14886
998 19703 23019
24520 19727 16047
25073 11624 19668
23967 11661 25385
12183 4078 20729
21057 15741 12155
12921 24282 22317
15049 6080 4367
16411 15772 25160
10794 25334 22760
22607 22155 25045
23746 24293 11253
24180 22517 24281
18628 8473 25166
12219 24554 25289
3398 23109 2696
5838 25337 18970
18653 20329 11290
21419 25092 22777
24628 15058 15446
15081 18716 18995
23978 4979 1735
24863 10807 4413
7000 9779 14339
20297 23916 5575
17707 24845 5046
25074 15803 25172
24528 18742 24762
24536 10845 25348
17085 16464 10475
23989 19751 23411
18678 2449 5619
12956 18090 2744
24948 10883 5663
14472 19318 25293
12991 22174 7403
3445 13009 14372
10375 8514 14918
15113 18117 14405
13809 9818 24292
5176 7652 16077
13843 6124 4459
25051 850 4505
1048 19775 8471
13877 2497 22794
4320 24708 23035
22126 21735 24653
19303 19799 18419
13026 25275 21427
16440 25279 25408
20319 25372 8512
5221 23125 13612
17734 21755 10094
12255 23426 7445
11498 12238 16687