3543
3149 3118 3287
2228 2328 1143
2821 1437 2954
2116 3084 3245
1388 2394 2473
2889 2520 2417
1942 2415 707
2767 3031 751
3314 2540 3259
1274 3063 1475
2838 3155 3085
3227 2063 2209
1461 2597 2626
1665 3122 3477
1971 2436 3538
874 2704 3409
3159 2813 1956
2729 2236 3200
85 431 971
997 3126 1514
2785 521 795
1822 1597 2650
2144 3108 3215
3306 2457 3484
2306 1231 431
1697 2350 3359
3296 2615 1988
1852 2478 2239
3266 1469 1553
332 1266 1185
520 1120 3418
3272 99 3369
3259 1871 289
2983 2936 3539
657 770 3445
3278 564 2721
701 968 1743
2356 1955 839
3301 1982 1227
2669 147 43
2000 2089 1435
1157 2986 2269
1729 2115 3491
2803 606 3379
789 3146 3498
3116 291 0
3328 2499 2743
3127 2009 2359
3320 1899 1816
2254 3039 883
3310 3157 3427
1599 1501 1269
2543 2995 2973
3209 1157 1669
1425 2946 143
1312 2720 384
3322 2827 2020
1882 2140 2178
2172 1336 3540
2905 385 2551
1037 3159 93
2564 3070 1923
2921 1927 3102
1531 1721 1779
0 2164 3119
284 195 336
566 2259 2499
2380 2036 927
2029 1533 2576
3324 3130 2052
36 2753 3505
2452 3113 477
612 1628 3453
3169 1751 241
3138 647 3049
1760 476 2674
2953 3149 2992
2058 1301 1852
1196 2559 3136
2689 1659 3389
3039 2868 2894
2855 2892 2525
135 1006 2914
185 2880 2299
745 3090 2698
2475 2768 3541
1496 810 3337
1077 3004 3030
3179 2372 2765
3329 2956 3300
2997 688 3542
832 3152 2329
2968 1370 192
3235 243 3525
3189 2855 3313
2200 2903 3348
2585 3134 2388
1632 2282 523
1350 3013 1888
1565 3138 3152
2087 1565 3230
2606 3047 1014
3199 2633 1353
2872 3055 3536
2404 1404 3325
2627 2914 3530
3326 2687 3168
379 2578 2116
426 890 1311
2521 1044 3519
3104 2305 569
3284 2188 3399
3052 1781 2601
2498 850 1631
2937 2783 3512
3290 338 2934
2428 3096 3461
1235 2212 3184
2748 0 1394
3243 2925 615
3011 1811 3436
3065 3102 2445
2331 2966 1706
2709 2736 1592
473 1194 2147
3251 3077 1057
1912 1690 1100
3025 1082 2787
915 2651 2809
3078 929 3533
2280 2669 2852
956 3022 3273
1791 729 2873
3317 3142 661
3218 1841 2084
235 2841 3067
1117 2976 3011
2648 2798 2830
3091 50 3469