25371
19744 14651 5884
20089 21656 14655
13464 25352 13617
48 24284 24666
13498 930 19136
25265 8217 24241
6633 17700 5092
97 25194 14686
21057 21196 12380
24700 16944 3562
2878 12197 21461
24252 25310 21821
17556 978 19527
25235 6957 14079
19168 14090 2031
5110 10774 18752
25178 23017 15846
17052 22017 24866
13532 48 16745
24261 21675 22848
20111 13580 20514
9675 6999 24393
25266 21694 18011
5902 13614 5136
25021 20545 15306
24270 25049 11768
18069 1842 23726
5154 14683 21838
25237 25274 22862
24279 5968 16773
19192 4824 23254
25267 21216 24540
2924 24799 22533
19767 20171 24671
22155 1026 24249
15543 25353 22229
7767 20193 7542
15574 22665 15875
6675 19780 24964
1938 12845 12903
19790 22681 23737
13566 11420 24400
17583 25054 9411
20133 7041 20834
20155 13648 21855
14935 14715 24965
18095 20566 18427
12834 23777 16801
9714 23032 3607
24288 97 12835
25106 15912 19989
23297 7083 8731
1985 24484 23267
22172 9877 24407
21077 9916 12869
10611 24053 23880
22529 8258 18776
6717 1074 10113
5198 13682 7583
18121 1122 3652
21097 25312 20010
22189 15323 14717
21437 11457 24414
2032 14747 22245
25268 4868 11804
18147 25314 23462
2970 17727 45
24707 7125 15336
17610 14779 22548
16225 25059 18800
17637 18629 7624
13600 22359 14111
24714 9955 11139
2079 23047 18037
10649 16972 7665
21741 23530 23890
14967 24294 19159
5945 22376 24966
22737 24911 22563
20177 11494 19182
14110 20587 15366
8915 22697 5927
23310 15354 18063
12869 1170 927
10687 21713 23900
5242 18654 3697
2126 21732 975
3016 6011 24257
22206 25198 14748
21117 20215 15904
7808 9037 10151
13634 9994 17417
15605 17000 15396
12904 20608 21872
17664 9077 10189
22752 12880 15933
20199 14811 11840
3062 14843 11176
12939 21236 5970
12974 13716 21889
25269 24493 94
24540 25064 15962
22223 24304 16829
5988 1889 3742
19216 23789 23280
22767 17028 24070
22240 24064 22876
25270 10812 23474
6759 17056 18452
25181 1936 16857
14143 16422 9450
25184 24075 9489
24548 12233 1023
25187 24086 22578
9753 10033 8771
19813 16451 24265
23830 10072 5180
24889 18679 5224
2173 12915 2642
24721 15385 13650
10725 10850 10227
24895 18704 23486
12078 24502 22261
22782 23062 18089
4120 21256 11876
6031 25202 143
9792 25206 22593
18173 14123 21479
13009 22713 15991
14176 7167 23293
21137 20629 3787
930 23077 24421
978 18213 22608
23841 9117 22623
17080 14156 9528
146 7209 6013
19240 23543 192
13044 20650 23910
14209 23556 11912
14999 20237 12415
23323 25069 24676
20595 25074 11948
22797 9157 19549
24556 12269 15426
5286 25079 11213
24072 24917 24869
22812 146 24806
6801 6054 24810
25271 19803 2078
25272 1218 9567
20616 23801 10265
21456 6097 24428
3108 23092 6056
24728 22729 24872
19264 10111 22638
24297 24655 2688
195 18729 22653
22827 24663 2125
25026 23569 7706
22842 24097 16020
20221 23107 12450
17108 8299 14143
1026 24511 19205
24901 8340 17444
24564 2406 17471
19836 14875 23920
14242 21276 21906
22257 2452 21497
11523 18754 21923
22274 4912 24681
17691 23813 17498
6843 15416 12937
9831 23825 22668
24572 12305 21940
16675 22393 16049
24735 22745 23306
1074 25084 16078
17136 24806 24079
4165 16480 24088
23518 19204 20031
21759 24923 24546
16704 24314 24920
24907 24813 24273
23530 4956 24814
16255 19228 2734
2220 9197 23748
24742 11531 6099
24749 23837 20052
23336 20259 14175
18199 13750 23498
18225 16509 19228
19288 1983 3832
18251 23122 18824
25031 6140 20853
20243 24324 20872
15031 14189 17525
10763 18779 18477
244 7251 24552
16733 20671 13683
25110 15942 24281
19312 22761 12485
25273 20692 6744
13079 21296 24922
24306 10150 16107
21777 21751 3877
6885 10189 24558
24913 22410 11250
25036 11568 24686
4210 5000 12971
20265 19826 22890
20287 25277 6142
8955 15972 5268
24580 7293 20073
17718 10228 5312
8995 2498 5356
23349 23582 18502
24315 16538 18848
18277 19252 23319
7849 23137 21515
24082 5044 22277
15636 16567 24435
23542 21770 2780
23554 24671 16136
20309 2544 23332
17164 25316 2172
22857 24929 21533
24919 10267 24289
7890 24820 20094
24324 2590 18115
25114 18239 1071
17192 2636 3922
23566 9237 13005
6074 18804 24442
25041 3924 6786
4255 21316 24564
23852 25318 5400
13114 5088 19571
5330 23362 18872
19336 23376 7747
21795 22035 11287
13149 24679 16885
20637 22777 18527
23578 1266 20891
6927 14907 7788
1122 14222 1215
6117 25354 18552
18693 12341 14779
23590 24108 24875
5374 25210 13039
7931 21789 3967
23362 2682 14207
9035 11605 15456
15667 25355 14810
22291 10306 24570
13668 22053 13073
21813 15447 22293
24925 6183 6828
23863 23849 15486
23874 1314 23759
21831 195 23510
17745 18265 23522
10801 19276 15516
24333 24344 14841
12114 10345 6185
3154 23390 2826
19859 25089 22904
2267 2728 16913
21157 3969 16165
17220 20281 24924
18303 12377 22683
19882 23861 22918
24342 10888 24818
22308 2774 20534
25046 12950 19593
20658 2820 20115
24351 11642 21957
6969 23873 22932
18718 20303 24691
18743 16002 4012
9870 1362 1119
20331 7335 22309
19905 24827 5444
22325 23595 18141
23157 2866 23930
22342 12985 11324
13184 8381 2219
1170 23608 21974
13219 7377 24696
10839 25214 10303
24360 8422 11361
9909 21336 20554
4300 2912 24297
12150 15478 22698
25118 25320 2872
14275 25094 8811
18768 10926 23940
1218 24334 21991
3200 25280 16194
16285 24354 9606
25190 23152 22325
7972 22793 22341
22545 24520 13107
24931 17084 18577
21177 22071 24878
9948 11679 24576
21197 22089 24701
24092 20713 24881
24102 15509 24115
293 17754 16223
21849 17112 13141
9987 19300 24926
10877 23621 15546
24756 24935 19251
24763 15540 20136
24369 4014 19615
25239 10384 23770
17772 2958 5488
23375 24941 23950
25122 9277 5532
25126 24364 19274
25193 23634 24822
19360 23404 22946
20679 25322 6870
4345 16596 20910
24588 24834 23781
22872 22107 23792
10026 25283 4057
21475 23647 8851
15698 25099 2266
23602 25104 241
15729 23885 16941
25130 15571 19637
7011 23167 21551
3246 17140 24305
24112 7419 1167
19384 16625 14239
23171 23897 23345
4390 25356 16252
20353 22809 24826
21217 19849 20929
7053 23418 9645
18329 15602 18896
19408 19872 22960
14308 22427 15576
4435 20734 24706
14341 18829 1263
18355 14255 8891
18793 24947 24097
18381 24953 12520
16762 8463 19659
24378 10964 23534
17799 7461 20574
3292 20755 19681
8013 22125 24711
10915 14939 23960
23885 25286 22974
24387 25218 23970
25196 23909 1311
9075 5132 22713
24937 13784 24449
16791 2030 23546
16820 3004 24106
24396 18854 4102
21494 3050 24967
10953 16654 14872
24405 8504 10341
7095 11716 1359
4480 24529 14903
24596 18879 24968
21867 24841 22357
2314 15633 16969
21513 10423 23980
13702 24959 23803
8054 23921 24716
342 25324 6228
24122 19324 14271
22561 17781 20948
24604 16683 20967
23388 24687 24721
18407 8545 14934
23185 15664 14303
21532 18291 24830
22359 20776 24124
7137 24538 21569
10065 17168 19703
25241 25326 20594
15063 16712 22728
24132 21356 10379
24414 16741 24726
22376 25109 10417
24612 25289 11984
21551 15695 12020
23896 20797 290
10991 2077 339
25051 3096 14335
16849 1410 16281
24770 2124 24582
22887 23933 24884
18433 24965 6912
19928 25222 21587
21885 14971 24456
12186 17196 15606
24423 24374 17552
7179 15726 20157
21903 7503 20178
12222 24848 9684
25199 25114 10455
18459 15003 22373
22902 25357 22988
12258 13020 21605
10104 5176 13716
21921 24119 11398
16315 7545 2918
8095 23432 20986
22917 25358 24834
7221 13055 2313
3338 22825 19297
1266 22143 18602
20700 5220 11435
24943 14288 22389
24620 5264 16997
24432 25226 13749
23401 20818 24731
14374 6226 23558
13736 17224 20199
24949 24384 1407
24441 9317 24313
9115 21808 10493
25134 25328 22008
25202 16032 22743
23199 5308 21005
15760 23446 18920
24628 13818 24321
11560 18904 4147
24142 22161 24969
25205 20325 18167
11029 24547 7829
23414 24556 5576
14407 24565 23814
4525 11753 23570
19432 8586 16310
6160 19348 18944
25208 20839 23582
21939 24971 15636
11067 23460 20614
25138 17252 24463
4570 13852 4192
21237 25359 18968
13770 17808 13815
8136 4059 23594
20375 6269 7870
3384 16770 24736
13804 25230 2360
20721 17835 23606
17826 3142 2964
15095 15757 7911
22393 4104 17579
9155 13090 23002
12294 24855 23358
22410 19895 17606
4615 4149 18193
10143 24695 21024
24777 4194 9723
8177 19372 13175
25142 12413 24133
22932 18317 1455
9195 24130 19320
11597 6312 14965
22577 25330 4237
19456 21376 7952
9235 11002 23371
391 8627 17025
21570 25119 19725
2361 13886 21043
21957 25124 1503
10182 13125 24741
24636 10462 7993
14440 6355 24838
24152 12449 22025
14473 17862 6954
16345 8668 16397
23213 25234 388
18818 24141 10531
5418 4239 18219
7263 4284 6271
23907 18343 6996
10221 21396 22042
15127 16062 16339
13254 17280 17633
14506 1458 3010
9275 22179 24142
2408 24977 10569
17853 22444 11472
24784 19396 7038
24644 7587 10607
21975 11790 11509
24450 16092 12056
440 8709 10645
7305 13160 9762
25146 18929 12555
23427 21416 20634
23614 23660 12092
14539 18954 20654
11105 12485 24588
15791 25332 20674
20742 22461 24746
23918 6398 19343
20763 11827 4282
9315 17889 12128
16375 11864 22059
21993 20860 14996
8218 24703 24470
11143 1506 21062
19951 23182 24751
23440 6441 4327
23929 12521 24594
23940 4329 4417
23626 20347 23825
24652 24711 14367
3430 11040 437
7347 20881 8034
17248 19420 24151
17276 22478 20694
22011 23197 3056
21257 13195 24887
25150 24152 17053
489 244 15027
25243 17916 24329
14572 25238 23016
11634 18979 24600
25245 24574 12590
20784 6484 20714
15159 23673 23618
17304 7629 15058
20805 16122 17660
20397 24983 24756
1314 3188 18245
13838 22495 14399
24162 293 16368
5462 19444 24970
15191 25292 5620
24791 22512 15089
9355 9397 486
2455 3234 7080
10260 6527 12164
15822 22841 24160
16405 15035 15666
12330 21436 23030
9395 18369 24477
24459 24163 24761
16878 15067 8931
19480 25295 19747
12366 24174 8075
22593 19918 20220
8259 22529 21623
24955 15099 18271
8300 16152 21081
12402 20902 23044
10299 22197 14431
18843 25334 23630
13872 21456 20241
19504 7671 8116
25247 19468 8157
12438 13920 14463
5506 24394 17687
17880 20369 17714
1362 12557 24842
17332 19941 535
17360 23686 22076
13906 10501 10683
11181 11901 24928
3476 20923 7122
6203 19964 24169
3522 5352 1551
538 14321 21641
16907 19492 24930
15853 5396 24846
11671 23212 12625
22947 13230 23836
20826 24583 24971
25274 11938 8971
13289 24719 23058
11219 14354 24932
24660 6570 8198
24961 9357 22405
23453 25129 24972
24798 25242 24178
8341 25134 20262
19974 22857 24766
23951 6613 13209
8382 20944 6314
20847 25298 9011
24668 23227 4372
6246 342 22421
2502 4374 24484
24967 11078 18992
5550 3280 2407
18868 21476 18627
21589 22546 23990
4660 24404 3102
24805 23945 21659
8423 22563 24890
23227 22215 24973
11257 19516 18297
8464 20965 584
22029 11975 24187
19528 14387 21100
25211 20986 6357
17388 17943 23847
20419 6656 23642
8505 25139 9051
10338 12012 24000
18893 16182 24974
18918 17308 24893
11295 2171 2454
16936 6699 13243
7389 13265 23072
23962 15131 22437
14605 19540 17081
25214 23474 4462
13324 24592 20283
23241 19004 8239
7431 19029 18652
1410 25336 24896
3568 23957 20734
12474 25246 21677
11708 12049 8280
15223 17970 20304
23466 24862 19769
20868 12593 24196
19997 10540 24899
17416 24727 21119
15884 14420 8321
25249 17336 7164
18943 11116 14495
25154 25144 18323
6289 1554 18349
18485 24735 10721
24468 23488 17109
20889 12629 24850
8546 20391 17741
20910 21007 23086
20931 24185 5664
8587 11154 24934
1458 4419 633
15915 24414 15696
21277 19054 20754
12510 10579 13782
23638 24989 17768
22609 21496 24606
18511 2218 1599
19552 20413 18375
3614 14453 21695
3660 3326 23100
24172 17364 12660
16435 19564 24975
10377 9437 4507
2549 18395 21138
2596 15788 13848
18968 25360 19366
2643 1602 23654
22962 21516 13277
22047 25250 7206
23650 7713 13311
23973 23242 14527
8628 12086 17137
12546 19987 24936
15946 16799 21713
11745 24196 23114
23479 24207 7248
3706 20010 12695
11782 5440 24771
24676 17392 21157
24812 22873 24010
25056 5484 7290
6332 24995 4552
9435 15819 18677
1506 12665 24976
24182 17420 6400
17444 19588 20325
25158 16212 23666
16965 10618 16426
10416 20033 17165
23662 4464 682
1554 17997 22758
13940 25149 8362
20020 24601 19389
11333 21028 1647
25217 1650 15726
12582 13300 9091
24973 25338 1695
24979 22889 21176
19576 23699 18401
15255 10657 8403
21297 12701 1743
3752 25154 24205
21608 25159 20346
23255 21827 24337
12618 22233 4597
21627 23257 10759
7473 13335 19791
3798 17448 24345
20952 5528 22453
14638 20056 16455
25275 5572 15756
587 19079 24902
14671 3372 24977
9475 24218 4642
19600 25001 21195
22625 24743 24978
18537 23969 24491
22065 13370 24979
18563 18421 13345
22427 25254 23128
11819 25164 10797
15287 25007 22093
9515 9557 4687
23674 25361 20367
11856 10696 5708
24192 25362 16484
12654 11192 23142
7515 21846 24854
5594 3418 21214
21317 17476 11546
16465 21536 16513
23686 23272 9801
15319 9477 24980
24477 19612 20774
25220 391 24938
25223 5616 21233
2690 6742 24353
1602 9517 2501
5638 16242 23384
19624 440 21731
25251 3464 24498
24202 20079 21749
25162 17504 23156
20973 7755 14559
10455 9597 23170
11893 18447 24505
20441 6785 24612
19648 18473 12730
14704 24751 24940
7557 5660 21252
3844 20435 9131
7599 5704 24942
15977 24759 23397
16495 22580 24944
25061 20457 7332
17472 23712 19813
25066 7797 11583
22641 21556 22773
11371 25169 21271
20994 21576 23410
22657 25363 3148
23269 22251 17795
21015 11230 731
10494 25174 11620
1650 14486 24776
3890 9637 22110
21337 21865 10835
21036 489 24905
22673 21049 9840
25276 25258 1791
16008 24610 8444
24486 3510 24858
16994 19104 23678
24819 25364 11657
2737 21070 8485
24826 6828 10873
24833 12737 24981
25253 23981 21290
15351 22269 3194
25071 19636 23184
22977 21884 19016
22992 2265 12765
24495 8750 24020
23698 24229 17822
18993 2312 9171
10533 3556 12200
11930 22905 19835
22689 25365 23858
7641 18024 24030
24840 7839 5752
23283 25301 24512
6375 20479 21309
20463 17532 24781
22083 21596 9879
1698 22597 4732
5682 22287 10911
13974 11268 19857
24212 9677 14591
19018 13954 17193
1746 1698 9918
20485 7881 12236
4705 19660 24786
19043 24869 24361
16525 17560 19879
17500 23287 3240
21646 24876 15120
24504 25013 10949
24847 21903 0
22101 6871 24618
24222 11306 20388
25076 25366 17221
21357 14519 24519
21377 11344 22469
636 4509 15151
22444 15163 21328
3936 21922 5796
23984 13405 19040
14737 18051 16542
24513 538 24624
24854 587 24908
23007 24619 3286
685 22921 3332
15383 23302 21767
12690 24767 17249
8669 23317 21785
25277 7923 6443
23995 25019 13881
6418 19129 16571
0 636 11694
17907 5748 24911
15415 25304 23198
19672 7965 22485
24861 23993 17849
15447 18078 21347
23710 24005 10987
14008 20501 13379
22705 3602 7374
14770 25340 22127
24006 8791 24914
16039 22937 6486
19696 20102 24946
4750 10735 13914
19068 21091 6529
25255 16272 24917
17528 22305 24214
16555 14552 17876
18589 21941 23423
19093 25342 8526
3982 19154 24791
11967 25025 19901
25081 24017 13413
8710 25367 24948
2784 15195 18702
18615 21112 19923
6461 24424 24950
12004 23725 24982
22461 21616 24952
16070 25179 780
4028 9717 24954
4795 3648 22788
5726 13440 7416
23022 24628 17903
25257 15850 23690
10572 25031 8567
21665 8007 17277
24985 8049 24630
21397 25344 16600
24017 16302 19412
24684 19684 12272
16585 14585 14623
17023 16332 9211
20507 21133 2548
22478 22614 6572
24028 24434 829
25226 4554 18727
17934 23738 1839
8751 18105 22803
6504 17588 24636
23037 685 9251
12726 24775 24956
16615 734 878
8792 21960 16629
24522 19708 9957
23052 8091 23702
23067 25346 23212
25278 25368 9996
1794 25037 17305
14803 25307 19064
23082 24444 1887
13359 21979 24642
25166 16828 10035
25170 0 24369
19118 13475 24648
4840 22953 24223
5770 25348 24796
4885 18499 17333
25259 4599 11025
16101 24240 15786
20529 8133 24654
4074 22323 21366
6547 11382 24232
24991 5792 24983
12762 16362 23436
16645 12123 17930
23492 12773 20409
23097 19732 6615
25279 4644 22144
24039 13988 19435
12798 22969 16658
22495 4689 22517
23112 13510 23226
23722 3694 22818
8833 8914 4777
24868 24883 11063
5814 18525 13947
18641 24890 13980
734 24029 4822
25280 15227 1935
1842 9757 16687
4930 14022 3378
19143 17616 17361
24997 25184 15182
14836 25262 19458
25086 24041 9291
2831 22631 20430
25091 24251 23449
22721 24454 4867
25281 8175 24958
25003 17644 23714
19720 23332 10074
7683 8832 24377
23127 17672 4912
25009 14056 17957
5858 5924 3424
23734 12809 24801
9555 1746 1983
4975 24262 24984
22512 25369 6658
16132 25266 24040
8874 8955 14013
24875 24637 21803
15479 16857 13447
17961 22985 22161
24232 3740 3470
25229 23751 17984
16163 18132 4957
1890 21636 21385
21684 18159 13481
13394 21154 11731
12041 783 22178
17988 18186 19945
20043 25350 6701
11409 24783 3516
25015 1794 19088
11447 15259 7458
24531 8873 13515
18015 16886 23869
23746 24791 19481
18667 24464 12308
14042 15881 19112
7725 20125 9331
25282 18551 20451
20551 4734 15213
23758 5836 24862
9595 24474 13549
22119 18577 24050
21703 6914 15244
24242 23001 5002
21722 12160 7500
5020 25370 22195
24692 24897 17389
13429 22648 20794
22137 22341 20814
25261 9797 24960
16194 24904 8608
11485 14618 13583
783 16392 5047
23770 20148 22212
25174 24646 16716
23782 4779 2595
18042 15291 12800
21417 19179 15816
23794 9837 22501
24882 3786 20472
6590 18603 23240
25232 23764 12344
15511 3832 24962
14869 23347 8649
24050 24273 24660
25096 8996 5840
5065 25189 19967
14902 21175 24385
23505 19756 14046
23142 20523 21404
14076 832 15275
832 23502 21423
25263 25270 8690
20066 21998 24060
25101 3878 20493
881 23516 22833
9635 16915 19504
23806 2359 21442
24061 25043 24526
25283 5880 24533
20573 13545 11101
23818 881 9371