2535
2455 1260 2072
1197 81 846
2016 1928 2470
2417 1640 1691
60 1294 2443
0 1667 2403
2384 963 887
2070 2276 315
1235 2360 1390
1908 1773 2478
2087 2256 79
260 2374 2452
637 1328 2232
2435 844 2413
1481 2312 1720
1707 2148 2339
1541 884 1596
682 2161 1807
591 2187 2214
2394 2285 1
2472 1525 2520
1077 1947 1860
1862 1115 2352
727 325 1280
2462 1966 2527
308 370 2492
2244 2362 2461
1733 1225 1425
772 1584 2156
907 2334 1204
2034 2294 2531
1930 2375 2510
1653 1721 2093
2121 2199 2028
1118 1188 360
1952 2364 2498
2169 2120 1354
1382 2023 2532
1416 2320 1009
950 2266 2279
2184 2327 1885
10 1985 1048
1885 2040 2114
2137 549 1749
1569 1001 2135
1759 2366 585
817 2134 1317
110 592 2423
356 1 2524
403 2340 30
1597 1362 2365
1158 2303 1460
2464 181 2050
993 2223 804
1511 1694 1087
2258 635 761
2052 1797 1630
2272 1039 1935
1974 2376 629
450 2345 405
2440 1463 2485
2466 2090 1242
2351 1865 928
2362 415 2533
1449 2350 1834
497 803 1959
2402 131 1530
2373 677 1661
2314 1494 269
2153 505 127
2410 2057 2534
862 2211 2264
2199 1886 1982
2468 1152 2196
2286 2234 2309
1785 1843 2433
1625 2105 969
2327 1077 2529
2214 2074 175
1837 278 1564
1347 2174 2294
2459 1907 2504
2339 2368 222
2300 1430 673
160 2370 450
1273 2245 495
2229 1396 1126
1995 719 2176
1680 924 2378
210 2004 1495
2445 1747 2005
544 761 1778
2423 2372 2324
2470 1555 2391
1811 460 2515
2104 1612 1165
2429 31 717
2450 2355 1910
1035 1820 540
1311 230 2248