25271
19404 23261 25049
23952 22341 12372
18924 21589 24350
9443 24406 19951
22338 24630 23177
22626 24414 7483
24628 25087 20435
22641 15784 15446
23046 22995 14311
23628 50 6666
8683 2185 12408
21268 19936 9788
13858 9016 25203
15390 24637 12444
22656 14590 23443
19979 10225 1200
25163 7804 6709
9482 24025 24969
20001 16414 17984
23963 8296 18504
24775 18592 20834
23060 8336 24575
9833 100 24861
23368 9055 21891
14254 21967 2082
13891 13930 18010
23974 6359 23916
6984 16443 19537
22354 19522 25249
11856 23274 25205
25043 18150 17606
24363 18176 18036
21287 24422 25125
5995 16472 22892
11892 23287 6752
24943 21133 19129
23381 24784 9827
20023 9094 10568
24948 22357 21454
18599 24430 21909
22671 24955 25250
1050 25089 11632
22686 1450 17633
24372 23508 21473
24953 23520 12480
18624 25091 21927
12540 22725 16632
9871 24035 24867
21724 24235 18529
15420 24045 14806
7740 23772 19153
24781 25133 22907
21742 25093 18554
1099 13864 18579
11928 15102 24180
7781 13897 22269
6038 17556 18062
21760 25095 20456
23640 10263 25128
14894 19545 19973
10783 10947 10606
13924 22373 14838
7822 24790 22286
14925 17052 24974
16110 24055 22922
21306 21984 22524
17949 150 7525
24958 23300 19560
1148 24644 1249
1197 12556 24735
16661 23009 9268
17975 23532 18088
6081 24959 11669
21778 25015 20477
24787 24963 25131
17193 10984 20854
25047 18617 23191
25197 24796 3645
4260 19042 11706
16139 21152 22937
4305 20713 19583
3754 23023 2130
22701 21171 25251
24183 15133 5742
7026 19958 2178
16689 17583 23205
14286 3753 22303
2471 24880 21492
19427 24651 20874
9521 19980 24190
14956 10301 11743
3800 23783 12516
15450 23313 24200
12575 20398 20894
23985 23037 13272
20928 14622 8407
6124 19568 21945
1246 24244 23456
50 11872 11780
6167 18202 7567
17220 16501 6795
25051 13963 25134
15480 11021 9308
25165 20002 17270
25127 5215 24359
16717 17610 23219
24793 17080 7609
20948 24885 24742
22370 17108 24210
6210 4720 23927
21325 9133 2658
20968 12591 19606
24381 14654 18604
24516 18228 21963
1295 3001 13307
10820 20733 15477
16745 23544 24979
24193 20024 13342
25055 5259 15942
7068 7132 25252
9909 4765 15972
8723 24065 9866
13450 22001 17660
23394 18642 9905
3846 24075 5786
12610 17637 25253
21796 21607 19177
22716 13996 18629
21814 3846 18654
6253 20419 12552
3143 19066 23233
13484 23794 20914
9560 24802 24873
25130 23326 7651
23996 22389 4842
25198 25018 19201
13957 12626 2705
24203 16530 12588
5115 24658 7693
18948 2233 20934
1344 21625 21981
12645 25134 25137
24390 5303 19225
25059 21190 2752
14987 25097 8448
2519 23556 17298
18001 24967 20498
24799 12661 1298
16168 9172 20954
18027 25021 3691
24635 7090 22540
11964 25135 19995
22066 20046 7735
24007 20753 9944
23074 20773 9348
21832 200 5830
100 25136 2226
4350 10339 20974
22731 14029 21511
23652 10377 1347
23088 17664 50
150 25099 16002
24963 17691 16032
21850 24438 16661
21868 25137 11817
24018 24971 4887
2567 15164 5874
24213 18667 25053
1393 18692 3784
10857 17718 18679
18053 7845 24583
25167 23805 19629
22083 5347 6838
25169 3048 4932
7863 3892 22320
14318 19090 3830
19450 23568 20994
200 24446 19652
17247 23816 5918
5159 15814 20017
8763 4810 14344
20045 11908 25207
12000 15844 25254
6296 25138 25209
9947 24808 25255
3190 3095 4977
25199 5391 18704
24524 6402 17687
8803 23051 5962
24968 19591 24749
9985 23580 22556
21886 19614 16062
15018 22740 16690
24805 14686 17326
24029 24085 25057
2615 250 13377
250 21643 2799
24642 6445 16719
18079 5435 24879
25200 24665 23469
10894 17136 17714
17274 18717 25061
24223 23065 21999
24532 24814 20519
18649 7886 13412
5203 24672 14870
20529 22018 24368
16773 11058 25065
24399 5479 23664
20988 25101 14902
25201 19114 7777
7110 23339 24984
23102 15874 18114
17301 2281 24989
25133 15904 11854
25171 20068 10644
20550 23827 12624
24811 21661 13447
7152 23352 25211
25136 25103 25140
6339 14718 3876
20067 6488 100
16197 20090 5022
8843 25105 24994
9599 16559 9388
23664 6531 21014
18105 19637 22017
7194 9211 18729
7904 3142 21530
18674 1499 14934
12680 15195 10682
24649 15934 2846
15049 22035 6881
23676 18254 3922
21344 25139 8489
24040 20793 24377
2663 25140 11891
4395 24253 14966
16801 23838 15508
24540 7927 25143
19473 22755 24885
19496 13116 19249
12715 12766 5067
23116 24262 6006
15080 21209 3968
14350 23592 24386
8883 5523 10720
23688 8376 13482
24817 23079 13517
20571 18280 1396
10023 23849 10758
17328 17745 25256
10931 9250 24395
10061 23860 25146
2711 17164 25257
22100 17192 14998
24656 24454 12660
18972 1548 22952
25063 22770 25213
23700 19660 22572
21363 3189 150
23130 5567 23938
16226 6574 13937
8923 10415 25149
21008 17220 24756
17355 9289 25258
7945 18742 13552
12036 3938 24891
24663 11944 22967
23712 23871 9428
1442 16588 22337
17382 24975 24897
24973 21228 23482
16829 22785 10796
22386 22800 23676
3892 24095 18140
5247 24271 24220
17409 13150 22035
22746 25024 23949
20089 3236 18166
18996 23604 20540
25067 4855 6050
19020 7174 20561
21904 19683 20039
24978 10453 25259
7986 24979 23247
3237 15226 25215
4440 16617 22982
18131 5611 6094
6382 23616 21549
24233 1597 21568
300 8416 13971
10099 15964 4014
23407 1646 24763
18157 23628 18192
1491 20440 20582
12072 24105 24999
25071 7968 19675
20592 5655 19698
22761 21679 17741
14382 24820 13587
12750 24462 16748
24823 24115 18218
21922 14062 12696
1540 25027 25217
15510 15994 22354
25075 23365 20061
24670 11980 25260
16255 19706 25152
24243 6617 8530
23144 25107 18754
23420 23640 25155
25173 16646 9468
17436 11095 20083
24677 23378 24404
22402 18767 6138
18183 14750 10834
4485 19138 21034
8963 22405 6182
350 14095 22588
9638 24890 21587
23158 24470 24413
1589 20813 4060
17463 7216 2274
15540 23391 23688
20613 25030 22053
24408 5699 23960
12785 17772 25069
9677 22815 24591
3938 19729 8571
10968 23882 25004
23724 10491 14377
6425 15257 24599
21382 25033 22071
8027 17799 10872
24548 25109 12732
25202 20461 24770
16284 12016 23971
20634 24125 8612
18209 24679 25219
20655 11132 23982
18235 25141 24422
9003 14128 20603
19519 14161 25221
7236 19752 14005
18699 3984 18244
21401 17248 12768
14414 19162 16777
24684 17826 10910
16313 7258 7819
16342 12052 19721
12108 13184 4106
18261 24686 25158
22117 22830 20105
20111 24280 200
5291 2329 4152
6468 2377 23495
20133 24289 14410
18724 22052 21054
21420 13218 250
15570 24895 25009
24829 4900 7861
4530 23893 24777
24691 20833 24607
22776 15288 15030
9716 20853 24615
21439 2425 20127
21940 24900 18270
12820 18792 2322
15111 9328 24623
23736 20112 300
7278 9367 24230
13990 24693 12804
21458 17276 16092
23172 23093 25223
20155 16024 23993
14446 13252 23261
24698 16675 21074
12144 25142 21094
16857 24478 24631
24983 11169 10948
24417 16704 9983
19044 24486 23508
24835 13286 18296
24253 24135 24240
8068 22069 25014
19542 4030 23275
11005 9406 19744
25203 3283 19273
25204 12088 12840
24988 25036 20149
21028 12696 24903
22791 14194 6924
17490 24494 15539
11042 11206 25161
3984 4076 12876
22418 3330 23700
24051 20482 14039
6511 300 18322
12180 21247 7903
6554 10529 24784
24263 21697 4198
17517 20873 25073
22806 18306 23289
24556 17853 11928
13518 14227 10022
20177 13320 25225
4575 22845 15570
24062 20893 4244
25205 11243 16806
25206 10567 8653
3284 19186 21114
4620 350 14443
18287 21715 18779
2759 16054 17354
18313 7300 16122
6597 20913 16835
24073 22421 9508
23186 24502 18348
22434 22086 350
17544 14260 400
24841 21266 24639
21048 14293 7945
5335 17304 5112
11079 23904 22089
9043 23404 24431
23433 25143 20624
17571 25039 16152
23446 8009 14073
11116 11280 20171
400 10605 24791
14478 24700 24647
19565 23417 10061
21068 2473 24250
19588 24826 24440
16885 5743 16922
17598 20134 15062
24564 24707 25019
4665 8456 16182
10137 22437 25227
22450 4122 22997
23748 22453 24798
22134 25144 24805
24426 12731 21134
11153 5787 25164
5379 22860 24260
23760 9445 12912
19611 11317 14107
25175 18332 4290
23772 19210 24449
2807 25111 23303
23200 16733 6226
23459 5831 13622
1638 14326 16212
24435 24714 22604
25139 23652 25077
22821 24298 10100
16371 13354 25229
22836 8496 450
9083 17880 23521
12855 19775 23012
21958 23664 17768
9123 12124 11965
10175 16762 18374
17625 12801 22620
19634 22469 22636
16913 17332 20193
11190 6660 23534
18749 4168 15094
14510 20933 20645
25207 24307 2893
5423 25042 4336
450 22485 25261
22151 22501 10986
5467 12160 23712
17652 400 12002
21088 10643 17795
20676 18358 18400
14542 8536 11024
25177 7342 14476
12890 24905 9548
8109 14359 7987
24705 14782 1445
22851 450 22107
25079 20953 8029
500 14814 6967
9755 24510 15126
6640 25113 13657
19657 24518 23317
24444 25045 7010
550 5875 25024
11227 14392 2370
16941 24526 1494
22168 21285 11062
23784 16084 25029
19068 23430 20666
18774 22517 14509
19680 22533 21154
600 14425 7053
15142 3377 21606
15173 13388 16242
8150 25048 22652
23796 25051 8071
10213 9484 25262
16400 8050 23724
23808 12196 25167
19092 17907 22371
20697 25115 12948
14023 23915 5157
21477 24534 1543
25083 2521 7096
24453 8576 1592
24847 13422 22668
23472 25145 25263
16429 11354 24909
19116 18817 5202
14574 25117 21625
20718 19798 25264
6683 20973 19767
2855 24145 11100
22866 10681 23027
23485 25146 25081
16969 23107 16864
2903 15319 7139
25142 5919 21644
22881 9523 13692
7320 24832 25170
8191 19234 20215
19703 2569 19790
10251 24838 9588
20739 19821 5247
25145 24721 19297
25208 23121 24812
21108 21304 21663
12925 20993 25085
9163 22875 14141
24853 22103 11138
650 24728 24458
8232 5963 500
12216 9562 18804
10289 16114 1641
4710 21733 17382
25179 6007 19321
1687 24316 12984
24273 24325 24004
19726 2617 24467
24859 20503 9628
13552 21751 25089
22466 21323 24915
7362 25119 16893
22185 24334 14542
23820 11391 21174
24283 17934 8694
4755 21013 23736
22482 18384 21682
7404 12232 25231
9794 19258 16951
700 4214 25265
18339 4945 4382
14606 9601 25093
1736 3424 24015
17679 16791 7182
22498 21769 12039
21128 8616 15158
24462 22120 8735
0 24983 18829
24865 19282 8776
20760 9640 10139
12960 1695 16980
25087 6703 10178
16997 4990 24026
25181 24155 25034
17706 23443 11176
15600 16820 16272
7446 16849 24037
12995 17961 20237
22202 24542 22388
17025 6051 24819
24993 13456 19813
24871 24343 19345
21496 15350 7225
24572 2665 23331
18365 8656 2940
24580 500 24655
15204 4260 24270
23214 1744 25097
22896 24165 2987
15235 6746 19836
7488 16144 18854
24293 24175 14175
22911 2713 25266
3331 10719 25233
22514 12836 3034
24877 24550 12076
2951 24910 17009
13030 14458 11214
14056 8696 2418
1785 550 17822
11264 15381 20687
24712 1793 11252
16458 18842 22125
24883 16174 6270
750 21033 1690
21515 24185 17038
23832 24987 24826
5511 25121 21701
1834 10757 18879
3378 3471 24476
20199 25054 20708
24084 23676 15601
25209 22137 22405
20221 14846 25235
8273 24735 23748
1883 17360 6314
20781 22549 24485
18391 3518 550
23844 20524 24048
10327 6095 24921
24095 17988 24059
19140 19844 3081
13065 4306 8817
24303 3565 21194
4030 24915 600
12252 2761 6358
10365 18867 19859
20243 24352 23345
5555 15412 24494
10403 6139 16302
13586 13490 24503
18417 9679 23760
22219 600 3128
9203 17388 23547
23498 25057 24070
15630 20156 23772
19164 650 24280
24106 24920 16332
10441 21342 8858
16487 14878 23784
21148 21053 25101
13100 20545 8113
16516 15443 24927
4800 23135 24081
24588 15474 18904
24889 22890 22684
2999 13524 20729
21976 20566 25173
13620 21361 13020
21534 8091 24512
10479 10795 20750
15266 22154 16362
800 6789 7268
19749 19867 24663
11301 25123 15190
24117 20587 1739
14089 1842 23359
22236 16878 3175
22530 24844 23560
15660 8736 15222
24719 8776 15632
3047 6183 11290
18443 23926 25176
24726 24361 15663
15690 24558 11328
11338 5035 22700
4845 11428 21214
23856 18410 4428
5599 21380 21720
6726 24370 5292
8314 22171 5337
24313 700 6402
25148 12268 17067
19772 4352 6446
10517 24991 21234
25210 2809 25237
22546 24850 22143
13135 9718 8899
850 22188 16392
3425 18015 25179
19795 13558 24671
21994 25147 17410
13654 14910 17096
10555 19306 23796
17733 22905 22161
20802 9757 2466
18799 23688 22716
24323 20178 18426
8355 19330 2514
12288 4398 23573
22562 750 16422
15720 25060 20259
24733 23700 22732
15297 25063 3222
15750 22205 11366
24471 5080 17438
14638 18892 25105
9243 9796 19369
23868 17416 23808
25091 9835 18929
11375 9874 13727
21553 22565 3269
24895 23149 23586
25151 800 9668
4890 22581 650
23511 19354 4474
22253 10833 24833
24998 14942 13056
24740 850 11404
25211 23163 700
19188 900 22422
19212 13592 23820
1932 22597 8155
24901 9913 15254
24907 9952 8940
24128 15505 17125
22578 22613 24092
3472 16204 25267
25003 7384 18954
19818 19890 3316
19236 20200 17466
17053 23712 10217
15780 17444 22748
18469 12871 20771
9283 25148 25268
15328 7426 23042
5643 24742 750
19260 13626 25239
24596 950 23832
22594 14491 1788
4935 25149 2562
23880 11465 25182
7530 21073 800
3519 4444 25185
22012 9991 24103
6769 16234 23057
22926 21399 13762
14122 15536 23072
18495 17472 7311
23228 21418 21254
11412 17500 8981
900 24566 850
23524 21437 8197
1981 13660 23087
17760 24574 25241
8396 24379 16452
15810 12304 20281
25008 24195 22764
17787 7468 17849
16545 23937 24933
950 8132 12113
22270 23456 24840
24747 21787 25243
21168 22920 21739
17814 18917 5382
24913 24995 10256
7572 18042 16482
25183 25066 3363
19284 14524 20303
14155 1000 23102
25095 15567 900
5687 6227 24679
20823 16264 8239
4076 14974 3410
23537 11502 21274
18521 19913 20792
25099 24582 24290
22941 24749 6490
21188 21456 7354
20265 23948 25109
5731 24925 24939
18824 25150 20325
23242 18436 21758
24919 25069 13092
17081 23469 23844
15840 1050 11442
22956 7510 25113
24604 12340 24521
20287 12376 3457
2030 22222 22439
4122 16907 12150
14670 11539 10295
24754 25072 19393
23256 20222 950
18547 25125 23373
23270 22935 1000
8437 23177 11480
5775 1891 1837
13170 20244 22780
24480 18942 10334
23892 24590 4520
25103 23724 19417
24612 1100 25188
5819 22950 10373
22287 6832 19882
4980 18967 22796
25212 24999 23387
7614 12906 13128
25213 18462 3504
22971 21093 1050
25154 1150 25269
22986 20266 9022
20844 8816 24945
20309 23191 9708
13205 12941 17154
18849 22239 9063
14702 24205 17183
18874 11576 24951
25214 3612 18979
14734 22965 25117
20331 8173 24114
8478 3659 21777
25157 24598 24300
15359 23959 14209
23001 10030 19905
17841 19378 23401
14766 23205 22179
17109 8856 8281
15870 3706 25270
25107 8214 24530
24925 23219 17494
8519 25003 10412
22030 21805 14243
10593 23970 11518
19308 10069 13797
19332 15006 1886
13240 21823 14575
9323 23981 19441
24489 2857 11556
10631 6875 22812
3566 24215 24539
25215 15598 24687
12324 7552 14608
23284 24388 21294
25013 12976 23117
13688 18488 16512
24761 10871 21314
11449 6918 10451
19841 2905 4566
19356 24756 24847
4168 25151 24548
17137 25007 14641
23550 13011 15694
15900 14557 19465
6812 18069 15725
2079 21841 21334
16574 11613 17522
23563 16936 15286
5863 8896 14674
2128 16965 1935
25018 23736 8323
25185 13046 17550
14798 8936 24557
23904 1940 25039
11486 20288 24695
18899 16994 19489
8560 1989 14277
25187 11650 15756
21572 24763 12187
19864 1200 24957
23576 20310 15787
11523 24930 4612
11560 16294 19928
2177 17528 25191
24139 5125 3551
25111 21475 23599
22304 24856 22828
20353 12412 1984
9363 6271 23612
3613 18514 24310
23589 25127 22197
25023 21859 25245
20865 18540 22456
20375 6961 21354
21208 24606 3598
2226 2953 2033
12360 24862 22215
25160 10108 23856
13275 19402 23625
23916 22629 15818
24150 15629 21796
21591 22256 6534
15930 21494 15318
13722 4490 18452
5025 6315 17212
24333 24770 9104
20886 1250 15350
25216 13694 21815
25189 10147 21834
19887 25129 23415
15960 13728 23868
13310 4536 24854
18573 25152 5427
20907 20608 5472
25115 22645 13832
11597 18992 15382
12396 11687 24703
25217 7594 24125
15990 25011 5517
13756 19017 4658
23298 2038 19004
8601 24225 13164
22321 20332 9748
20397 7004 14707
23016 24935 6578
24161 4582 17876
25218 22661 21374
25119 20629 10490
2275 7047 23880
23602 22273 23638
21610 19426 19513
5907 20650 9145
25028 16324 22844
13345 7636 25194
1000 24397 20813
16603 23748 5562
11634 13762 22860
10669 11724 24711
11671 24777 1100
14188 23233 22233
21629 18096 17903
6855 24614 6622
24343 21513 1150
24498 22290 20347
24620 15660 24136
17868 21877 24320
21648 24940 9186
6898 20354 15849
17165 22677 2610
23031 25075 24963
21667 21532 13200
7656 25078 20369
13790 20671 22251
23615 19450 25044
14830 23992 15414
8642 21895 20391
10707 7678 23651
25191 15691 4704
23312 22307 25247
20419 22980 21394
23928 21551 20413
20441 7720 23132
4214 12448 21853
2324 21913 19029
9403 18566 19054
3660 25081 3737
24768 24622 24147
10745 25084 24158
13380 22693 4750
23326 5170 24566
11708 19474 24330
6941 22324 18478
25193 8255 12224
25123 12484 22473
25033 11761 13236
13824 15038 17578
23940 21931 23892
16020 20692 12261
22610 15070 10529
25038 7762 22490
2373 24003 9227
17895 4628 19079
24931 19498 12298
14221 2087 19104
21228 1300 21414
23340 24868 7397
22048 24945 21434
20463 22709 17930
13415 21570 17241
19910 4674 17957
11745 15722 23429
16050 24874 13867
19933 16354 24340
16632 12520 21872
20485 25153 14740
12432 13796 24719
20507 18123 5607
25195 24950 23147
7698 24014 4796
12468 23482 24169
25219 11798 15880
19956 23760 13902
17922 16384 14773
21686 10186 16542
21705 8976 25121
5070 17023 25197
3707 3799 22876
5951 11835 5652
23354 15753 11594
24937 21113 22507
19380 13081 12335
11782 1350 23162
24172 25131 15911
11819 1400 25200
3095 10909 5697
24353 13830 24727
16080 20376 16572
12504 23247 7440
14862 2136 16602
24507 23495 0
21248 0 23904
2422 21949 8365