25202
24028 24620 15958
14509 24892 10073
4255 18674 21621
19451 23763 9059
18976 23510 11423
24684 21902 1289
4300 24224 24917
22032 21398 23524
14541 13576 17467
20075 21037 5112
22049 19250 14666
24368 13609 17494
10657 7790 21639
23543 24893 23132
21253 19825 22446
23098 21596 1337
23112 16441 10757
24038 15745 13161
5857 9289 24791
24188 17597 2858
22723 15774 24132
18430 12692 10111
17674 22937 11459
11693 24344 17047
16500 10636 24671
12377 5472 15988
1485 23773 21657
22066 21416 23146
23322 23783 24797
3197 1000 10149
24901 11450 25141
24816 23521 20521
7018 22615 24527
7060 1049 7357
23555 13642 10794
22738 22270 13841
19001 17623 12251
1533 2993 23160
25128 19273 22089
49 11486 18768
11729 20677 17075
99 15803 16438
21273 13675 24142
3243 20697 9098
24821 9952 25143
16529 19847 4364
16558 23210 23536
17254 6176 25066
17701 17649 5929
20098 1098 1385
5065 9328 11495
20121 15832 13874
24690 20089 15338
13684 3651 22862
10694 12726 23824
14573 9990 13195
4345 22285 21241
9897 20110 2904
25129 23532 18793
20144 7831 25002
24905 7872 13907
9935 22950 848
11765 10028 8259
5900 3697 9137
25130 24787 21675
18456 4617 1433
16587 21434 5971
14605 23543 19368
3289 4662 11531
17728 24894 15369
12902 19296 4408
23567 18698 22462
11801 14038 6013
23126 24790 6055
24376 1147 6097
9195 11522 22877
25017 17057 0
13717 23963 16467
17755 20131 16496
10731 6219 2950
22083 19319 24803
20167 12760 24302
25131 24844 24809
24696 10673 25006
5109 18722 23174
8475 8569 15400
4390 14614 10187
24544 24715 24535
25132 22300 25145
3335 50 18196
22753 24351 24922
17782 7913 48
12936 17084 22892
10768 19342 8299
25020 14645 24311
7942 18299 12286
21513 11558 21693
7102 5516 24320
15213 3743 15431
8515 22629 16525
24702 20152 7398
23335 9367 18818
18482 9406 2153
21293 15265 13229
24826 14070 20542
20980 2225 7439
24048 24895 18222
799 24512 23835
24909 24518 17521
24058 24625 18248
9234 19869 17103
24708 10710 7480
19475 6950 12321
10805 2273 2200
22100 3040 10831
16616 21056 21711
25023 21075 15462
9973 24232 3824
15244 5560 17548
10842 22315 22106
22117 19365 17575
23140 22643 20941
24913 12794 16554
21798 22963 24678
19026 22330 25010
25026 13708 22123
10011 23972 9176
11837 24896 13940
9273 15861 4452
8555 3789 6139
1581 6992 25069
25133 1196 13263
19051 21613 20563
10049 24524 25147
7983 17111 17159
5153 24240 11567
22134 19891 11603
21532 2321 7521
23154 7034 21729
22355 17138 9215
24384 18324 4496
18508 24897 22478
24392 24248 20961
23819 3835 25183
21313 20173 25184
2445 1245 18274
5943 24256 13973
149 18746 24329
24551 19388 4540
25098 24530 24815
16645 19411 12356
12970 23554 12391
21816 8609 12426
23348 6262 25072
24558 21094 24338
18534 18349 10868
10087 22345 8339
19499 16469 14006
19076 17165 22140
1629 17675 23342
5986 21113 24543
24197 20194 3869
3381 21918 13297
23579 15295 10905
11873 24536 9254
20650 22976 17602
7144 18374 14039
16674 20215 20584
13004 21132 23188
23361 20236 24347
1677 9445 11639
18560 24846 23202
13750 21934 10225
10879 21950 25185
13038 22989 22907
22768 18399 15493
1725 23793 5155
5197 17192 17131
199 15325 5198
12412 24630 13331
24831 20717 24152
22371 20737 21260
21834 20257 23216
23591 24848 24693
6029 24358 21279
22151 24719 24821
11909 17701 23846
23830 2369 19800
24400 23222 17629
848 17727 18843
4435 12062 25014
5241 19913 18868
8024 6305 14072
25100 10747 7562
15275 12828 19823
24408 15355 23857
24917 23803 23548
17282 7954 11675
20672 1294 1481
19101 13741 25149
11945 24793 18893
15306 24365 1529
1773 10784 18918
22387 24850 23560
9312 23981 6181
22783 9484 11711
17809 24635 23355
18586 100 12461
24068 0 9293
17310 24898 3914
0 24264 24551
22168 8649 17187
15337 22657 6223
17338 150 98
24714 23813 6265
6072 21966 21747
16703 3881 23868
4480 21630 25151
25029 200 5241
22403 20757 18943
24206 24372 17215
25102 10821 17243
17366 20777 24827
24720 6348 19846
8595 7076 9332
24565 24379 13365
19126 24723 24833
9351 20278 24356
14637 16497 25075
7186 16525 22494
15368 12097 24700
23841 16553 24365
19523 22671 22157
22419 14102 24927
25134 24899 19392
5285 24900 22922
24215 19434 16018
15399 12132 24932
7228 14134 25018
1821 15890 23879
24078 20797 24374
24224 22685 15524
25135 7118 22174
24726 23002 1577
8635 3927 24707
22798 17753 9371
24416 20817 24162
23852 24901 897
897 20837 4584
24572 12167 17656
1869 19457 2247
16732 14166 1625
23863 24640 148
24732 23015 12496
4525 24386 19869
19547 16581 20981
11981 24272 24559
2492 1343 17683
24579 23990 8379
17836 19935 25186
249 22699 16583
25032 7160 25187
17863 21647 21001
22813 23028 24839
12017 23565 23890
21551 18770 3959
24586 21452 22937
24836 5604 22510
22185 2417 2294
14669 7202 16612
17890 21151 10942
24921 8689 11747
24424 21664 24567
4570 23041 22191
22828 4707 6307
24925 22360 14698
24929 24645 10263
17917 4752 2996
8065 16609 24714
16050 17779 23572
23603 23999 12531
19571 21681 12566
6115 24542 2341
25136 250 20605
16080 18794 17271
19151 24008 20626
18612 20299 9410
22435 23054 24575
21001 4797 14105
22451 22375 4628
25035 3973 8419
21333 11594 19416
24933 10066 21021
3427 16637 23901
9390 17805 19892
24088 7995 22526
2539 24017 18968
17394 4842 24583
15430 17831 23912
17422 23234 24591
16761 300 18993
24432 1392 6349
946 12862 25078
8675 22713 12601
19176 4019 23368
23615 21470 21298
8715 14676 23381
24841 11630 2388
3473 12896 13399
10916 18818 21765
25137 10104 22542
7270 12930 24845
23374 24727 14730
2586 10142 13433
6158 23246 25081
23387 6391 18300
22467 24731 20647
15461 6434 12636
15492 10858 23923
18638 23576 21041
14701 12964 23584
22202 3087 12671
21353 20320 25153
15523 4065 17710
299 20857 946
21022 23823 19440
21852 23587 22558
25104 17219 8459
24233 23258 22208
2633 23270 4004
16110 24796 22952
25038 17246 1673
24098 21170 24383
21570 24735 25084
19595 6477 11783
10953 24902 9449
6201 8729 23596
6244 11666 22574
21870 16665 6391
9429 14198 20191
24108 18424 25188
18664 4111 24851
23627 23833 198
4615 9523 17737
22483 18842 20213
1917 1441 4049
7312 23067 19464
13072 24799 25087
5329 24802 7603
7354 350 6433
10990 21189 4094
23874 4887 3042
13783 24739 12706
9468 19480 23934
25106 24805 9488
16790 22727 11819
13816 23843 24172
1965 18866 25090
25138 7244 2435
21373 14707 24392
23639 14738 22590
23168 18890 12741
19619 24852 25189
16819 24903 24937
349 17857 25093
13849 20877 3088
23885 14230 20668
13882 21208 23230
24937 24393 21061
7396 13774 25022
21589 18914 16048
21888 16693 23244
11027 15385 24401
8106 24808 14762
25108 4157 21783
2680 21982 14138
16140 5648 248
25139 400 16078
21043 24904 22967
13106 23282 5284
25041 22390 18326
17944 23294 15555
22219 24026 8499
24846 24905 4139
22499 6520 19018
24738 10180 24410
4660 19503 9527
12053 13807 23608
24440 6563 3134
12089 16721 19043
4705 14262 23394
13140 12998 298
20190 18449 19488
19643 17273 20235
17971 19526 7644
24593 23080 23620
399 18938 21317
24941 10218 22606
24945 7286 21336
12447 23598 18352
24600 24854 16641
24607 24856 16670
25110 22405 13467
23400 11702 23945
20694 21488 23632
13174 18474 4184
25140 24035 23644
23651 24650 2482
12482 23609 24182
14733 24906 23956
11064 15415 19068
21906 21506 21355
25141 10256 21801
20213 24400 19512
24851 8036 22622
20236 13840 23656
21064 1490 6475
25044 9562 16108
449 8769 19093
11101 23306 23967
7438 19549 15586
8755 18962 24599
23182 12202 22982
24949 21227 16699
24856 21246 22997
23896 15445 13501
2013 24655 25190
21085 10895 24419
17998 23318 1721
22843 18986 24607
20716 8809 14171
20259 22741 4672
16848 24548 19118
21393 24811 9566
7480 14294 9605
21106 15475 9644
19667 24814 23668
24861 24743 10301
22515 17883 22638
24242 12237 19536
24448 6606 17764
19691 19572 24428
13208 23853 19560
8795 14769 18378
25047 8849 23012
24744 5692 11855
12517 9601 23407
19201 22755 10339
18690 19010 7685
2061 13032 17791
20738 24817 17299
9507 14800 23978
19226 24820 23420
15554 24747 21819
995 16749 10377
22531 20341 24192
25112 20897 25096
499 17300 25155
17450 24858 3180
5373 13873 16728
14765 21998 24942
3519 4932 18404
13915 14831 22654
24750 13906 6517
5417 24554 20689
6287 22420 23027
24456 14862 19584
17478 7328 21374
8835 4203 9683
23663 8889 3226
25142 450 25026
14797 3134 10979
16877 17909 25099
18025 17935 14794
3565 8077 15617
25114 20362 24721
22236 18499 23680
24251 11738 24202
4750 13066 24947
22253 24560 14204
21127 12272 22225
8147 24907 23042
21608 13100 23692
18716 22435 21837
2727 14326 1769
14829 20917 24857
12125 19957 24437
24464 22769 21393
24756 20383 3272
23675 24660 11016
25050 23330 25191
11138 21265 14826
14861 12307 7726
19715 19034 20257
25053 3181 348
18052 19058 398
4795 18524 12776
8188 24860 24952
22858 14358 19915
25143 20937 14237
9546 13134 17818
10125 21698 4716
15585 14390 24863
9585 14893 21855
12161 5736 448
24866 19082 19938
25144 14924 23704
23687 24908 11891
24953 22014 25102
14893 24823 20279
24614 13168 14270
23196 15919 25105
24957 8118 18430
3611 23620 16757
25145 19979 4760
21627 7370 23258
10163 1539 23989
22547 2465 21873
12552 17327 1817
24472 12342 25108
9624 1588 14303
24961 1637 24728
21924 19595 9722
11175 21284 8539
10201 23342 21412
17506 17961 17845
24871 8159 24446
15616 14955 6559
5461 22450 6601
20282 19618 17327
4840 15948 24869
19739 15977 22670
24965 4977 7767
13948 12377 20710
24480 24826 25157
23907 24407 14858
2109 12412 24615
23210 20404 11053
23699 12447 14336
11212 10294 498
11249 22465 3318
20305 17987 21891
24621 500 7808
22563 15505 16138
25116 23863 23057
8229 8282 13535
7522 23093 21081
21942 22783 24875
10239 21715 24212
24118 4249 25030
17534 23106 25159
14925 18013 15648
24969 23873 3364
20760 19106 23433
19763 24665 25192
24762 24280 25161
22873 19641 3410
5505 24044 22686
19787 16006 16168
24628 22480 22702
22888 24414 20731
24973 24566 24000
2774 14422 12811
549 20957 22242
24260 21732 25111
15647 16035 21431
22270 10932 23446
16170 10969 16786
21148 24572 5327
20782 20425 24222
8270 17354 24957
24488 23354 21101
11286 11006 14890
24496 24053 11927
24269 24751 19143
25146 16064 4804
2821 8929 19961
6330 23883 20752
8875 19130 25163
1044 5022 22259
20328 20446 21909
22579 21749 13569
19811 22030 548
13242 24862 7849
5549 4295 17872
20351 11043 22718
6373 14986 8579
24278 8969 18456
24768 21766 25114
16906 24421 5370
19251 23119 22734
20804 23132 598
6416 23366 24011
24774 23631 14369
6459 23642 24455
25056 15017 11090
15678 22495 12846
3657 4341 10415
25059 11774 21927
6502 7412 20301
22903 22510 24735
19276 24829 15679
599 13202 17899
12587 22797 19168
24977 16777 14922
17562 11810 2529
22595 20467 23272
23413 24864 19193
19301 9640 11127
24876 24062 7890
18742 18549 648
16935 22525 20323
1093 10332 6643
19835 24866 22276
20826 18039 15710
20848 17381 19218
16200 18065 22293
12622 4387 17926
12657 7454 22310
24981 24071 8619
25062 24578 12881
13981 24288 17953
22611 10370 25117
18079 24909 16815
24287 18574 6685
6545 24296 14954
21960 24080 22750
6588 19154 16198
23918 24089 19243
14957 24868 17980
12197 9679 5413
20374 11846 4229
15709 12482 23716
13276 9009 995
19859 8200 24962
12233 11080 19608
14989 8241 15741
2157 22811 19984
21413 23145 16844
17590 8323 18482
19883 1686 21945
23711 9718 23286
24504 15535 14986
21169 16093 2576
6631 9049 19268
22627 15565 20773
17618 16805 21963
22918 16122 9761
8311 12517 13603
7564 6649 16873
24635 16151 25034
12692 9089 23300
2868 6692 15018
8915 24098 11164
3703 15048 11963
5593 24107 18007
8352 24755 21981
3749 18091 19632
1142 13236 12916
23929 1735 21121
11323 7496 24232
22643 24428 25193
10277 15079 15772
10315 9757 21450
20397 22046 15050
1191 15595 20794
21433 18117 23314
15740 22062 20815
22933 10408 4848
6674 17408 24881
23426 14454 21141
23439 22825 4892
14014 24870 24022
21190 24116 7931
24780 24125 4274
13310 16180 24742
20420 14486 5456
16230 23653 3456
18106 23664 14402
3795 11882 24033
21453 24872 3502
7606 24670 22327
3841 24134 16228
18133 15625 20345
20443 6735 8659
5637 550 23728
18768 23378 23740
3887 21303 25120
14047 24304 1865
24512 11117 25123
22948 15110 15803
4885 22540 11201
24881 24874 18508
5681 24759 24887
1240 24763 11238
25065 3228 21469
14080 1784 22344
12727 11154 16258
19907 13939 1044
23723 23390 25038
10353 22555 18034
23452 11191 21999
24128 9796 22361
16964 22078 18534
14113 9835 24464
24985 20488 15082
16993 20509 24893
15021 600 20367
25147 10446 13637
23465 21783 24044
17022 18599 6727
25068 8364 12951
6717 23158 18061
15771 13270 19656
16260 3275 15834
15802 13304 20007
6760 6821 23752
24989 1833 11999
7648 23893 8699
10391 9129 18088
21646 23402 6769
11360 16833 25165
20466 23414 20030
18160 24675 22766
25148 21800 5499
22659 21817 698
6803 5780 21488
24296 20530 14435
24886 3322 22017
24993 2513 18560
24305 20001 24967
25071 18143 24473
19326 22839 15865
19931 4433 25042
11397 13338 12035
23735 23426 22035
20489 15141 16288
14146 24143 22053
6846 15172 23459
22963 23903 23764
23224 18169 17355
23747 24435 20836
11434 23438 1093
22287 14518 22378
22978 13372 25167
17051 17435 24972
21665 23450 16318
24642 24312 24623
24786 24442 6811
23478 2561 4936
18187 6778 10453
16290 17462 748
5725 650 24242
20870 20551 19680
22304 20572 16902
18794 2609 24252
21978 17489 24899
13344 5824 15114
18214 11228 11275
21473 1882 17383
21684 21524 1913
18241 23675 1961
8955 19178 24977
21493 20977 18586
23759 13406 2623
24520 16209 25169
8995 4479 21507
23940 19664 24982
15053 18624 7972
1289 3369 14468
2915 1931 6853
13378 2657 5542
3933 16238 12071
2962 24832 4980
24138 24320 8739
18820 24876 22782
19955 8405 24749
7690 13440 25126
23951 24835 12107
17080 24152 24055
19979 5868 15146
24314 24878 9800
25074 700 10491
23491 16861 20053
25118 22094 22798
18268 16267 21526
18295 6864 24631
20512 23462 21545
17646 11265 8013
2205 11918 24262
2253 12552 24987
12762 11302 25046
20535 3416 24992
25077 10484 24639
15833 19687 24905
20558 13474 25129
22675 16296 14501
649 23474 17411
12269 23686 8779
21996 6907 20857
22993 16889 13671
18322 24584 24482
18846 24161 5024
21211 5067 18115
19351 19710 22814
9663 22110 11312
23008 21542 20878
9035 17516 3548
9702 2705 23072
10429 24680 23087
22014 24449 20076
15864 24838 16931
6889 3463 23102
20581 21834 18612
9075 5912 8819
2301 22853 25194
21703 24685 8859
11471 7538 25171
24323 24880 798
24528 11339 24272
10467 24590 24066
3979 15203 8054
13412 23913 25195
25080 23697 9839
20892 21560 21583
5769 24328 24911
20604 20023 25173
11508 22126 20389
24997 24170 20411
16320 18195 8095
25149 1980 8899
20003 24690 25050
16350 24882 21161
25001 9874 23472
5813 18221 20899
24792 24456 20099
15895 21322 6895
12797 13508 1142
4930 8446 1191
15926 17543 18638
15957 22142 8136
15988 750 25054
24649 10522 2009
23023 9913 12986
23771 11954 20122
23962 23708 16348
7732 22158 5585
25083 8487 24282
20627 24596 10529
3009 3510 25175
9115 14550 21564
18872 19733 23776
13446 5112 24491
24332 800 16378
7774 850 10567
25005 24336 25196
4025 24767 15178
11545 16917 12143
16380 21851 8939
1338 19756 18142
23238 5157 10605
24148 5202 10643
11582 24463 25197
7816 23486 24647
24341 24884 6937
22321 24886 24500
24656 7580 6979
25150 24695 17439
24798 20045 25198
23783 21341 7021
24158 11990 7063
22338 22867 23328
17109 16945 5628
15085 24179 13021
24663 5247 5671
15117 24771 20433
10505 15655 13056
24804 23719 25199
13480 16325 13705
1387 22174 24077
16410 2029 20455
20027 21868 5714
3056 22570 25058
25009 24470 2670
23973 24188 23117
18349 3557 21181
23252 22190 20477
24168 24910 22395
13514 17570 19704
23266 7622 8979
25086 16354 24292
17138 2753 19293
24891 23171 9878
10543 5292 16960
23038 24477 20920
24178 12587 23485
18898 5956 14534
8393 23730 15210
24896 24911 2717
4071 19202 11349
25120 24602 18664
16440 19779 19728
19376 2078 14567
20914 18247 7105
24536 20593 20145
10581 2801 2057
21722 4525 9019
23504 12622 5757
23795 22585 25062
4975 24775 24088
14179 24197 7147
18376 900 24756
7858 18273 16408
23517 22206 13739
23984 7664 10681
23280 24608 3594
7900 8528 21201
24810 24700 24763
10619 7706 5068
11619 22600 25132
5020 20997 25177
23995 6000 15896
23053 3604 22071
3103 12026 25135
14212 20614 15242
23530 21360 20168
20936 2849 12179
8434 6044 24770
17167 13972 3640
2349 16973 23788
23068 9169 7189
14245 23741 25138
22691 23923 3686
9741 21885 24777
20051 24888 13091
3150 24206 24997
11656 7748 23498
14278 15685 2105
24670 24779 9917
25089 22222 22830
13548 24705 24509
19401 21578 1240
20958 24890 19318
16019 22238 13773
22707 23933 14600
4117 23943 4319
17196 19226 21602
25092 23184 22846
18924 5337 18690
9780 18649 25200
699 19802 12215
2397 16383 19343
25122 10560 23800
18403 22254 8177
12832 2897 3732
25124 950 24784
21741 5382 2764
1436 21017 8218
21232 6088 15274
23294 4571 20499
14311 21379 15306
749 15715 11386
6932 24841 7231
4163 11376 23812
23308 17001 9956
12867 24484 25179
9155 24614 13807
19426 14582 7273
9819 14005 16989
15149 13542 25181
13582 16412 22412
13616 17029 25201
24006 10598 2811
15181 22881 9995
25126 2127 24655
25013 5427 19752
14344 9209 22429
23807 24491 24518
14377 24710 24099
14410 22895 18169
14443 24215 19776
25151 15234 5800
23083 20067 5843
21760 11413 5886
24350 23752 15927
14476 23197 24663
12305 2176 24110
17225 20635 18716
18950 20656 21221
12341 22909 13126
16470 22923 18742
9858 24498 24121
24359 2945 17018
21779 12657 3778
24017 24505 10034
6975 23498 10719
13650 9249 23511
4209 23953 7315
24677 6132 24685
25095 24783 14633