2849
2312 2604 1092
2008 2817 2471
1347 792 2274
878 1709 952
0 2441 146
2456 523 2475
2512 41 2093
2058 1741 2496
2652 1982 1887
2734 90 801
2178 2010 2404
1706 614 723
2720 286 1485
2224 704 1604
2660 2755 2055
1878 2841 2229
1824 1474 2181
1239 2038 2499
1904 2318 1995
2475 2711 380
184 2698 2508
2246 2684 46
700 1805 839
1483 2620 2147
2033 2094 513
2268 2745 2015
2290 2844 2440
790 2782 2288
921 835 2480
2082 1089 1660
2396 1508 1909
2668 2636 195
1275 2121 877
1930 2789 556
1006 2829 96
1613 334 987
232 2723 599
745 1610 1931
2611 2652 2330
470 139 1262
2714 2460 2484
1549 1403 1454
2730 2274 1715
1851 2296 1328
2106 2796 2
2560 659 2414
1736 1129 642
1766 2517 2461
1956 1249 2502
2416 2381 1793
1311 2251 2035
2545 2570 683
2622 1169 2505
35 2764 2447
2676 2833 242
2743 878 2424
2700 1327 2343
516 568 2244
1644 748 1817
834 2823 914
2707 2202 2259
1047 1439 1126
2747 2803 1953
964 2148 2302
2529 1643 1687
280 2401 1841
2633 1365 2369
1675 2479 1022
562 2339 1974
85 2668 425
2725 1542 2393
2333 1209 288
2684 1866 1160
2737 1773 1575
1381 2553 1742
376 1836 2164
1516 2227 1632
2574 1288 2509
135 2421 1515
2354 382 469
1202 1895 762
2587 1676 2111
1415 2847 2488
1126 2175 1194
2599 1924 1864
608 477 2074
2436 2773 1228
1795 0 1057
1164 2360 2197
2130 921 2466
654 2498 2129
2494 2587 1295
2745 1953 2316
2154 2734 2492
1449 1048 1768
1581 2837 1360
2692 964 2213
328 430 2432
2375 2066 1392
2201 2810 2454
2740 188 1423
1087 2535 334
423 1576 2381
2643 237 1545
1982 1006 2356