25819
20912 49 23878
12148 11358 20242
22766 21435 13202
12185 25208 13664
14875 4912 22586
17427 18369 24439
9172 8480 24405
15601 19772 12059
19160 15545 3282
14908 22476 23718
10916 1449 20682
25756 13874 19591
14941 99 21138
999 6782 17501
24017 16768 16551
8374 25210 24339
20934 25250 7623
5427 25251 23511
7342 23422 24440
24030 24050 6867
23849 1498 23096
8416 24237 21390
9213 1547 15436
25109 25212 22194
22388 23114 2466
8458 14350 20262
25514 24657 24271
22406 23786 16929
10955 21910 21730
17978 16797 43
5472 25145 22209
49 23435 24032
17456 5902 24441
10156 25009 3329
12925 24387 3376
1048 25252 24146
25412 21454 14272
22046 14713 6909
18006 24061 23261
11540 8521 15465
25609 25214 6951
25693 23128 24407
15633 25069 5301
14059 6825 13235
25613 6868 4491
22424 24907 19327
9254 11396 1143
21352 12669 12094
5517 6911 14303
11578 25253 21156
16797 24072 15494
2322 12705 24342
15665 24809 7664
23106 19340 3893
6462 20654 24038
7385 10383 18821
25418 24816 14334
24493 24396 20282
10994 22306 1192
23122 24247 21407
19810 25014 24275
19186 23142 22599
7428 6954 14365
18566 0 18844
23138 24665 20701
3474 10422 23520
16177 13209 24345
1097 10461 18867
14093 8562 23271
5562 15576 24442
24504 21473 17526
22783 25073 2514
20956 25254 20302
22800 16258 19612
25519 13244 23529
7471 25255 16955
25758 22492 12794
5607 21928 20720
25792 22844 16103
11033 12741 17551
25760 21492 24151
20978 11966 18890
18034 11434 24443
25617 23798 93
20521 2380 24444
5652 20324 24348
11616 2428 16981
9295 24913 22224
2370 18395 18101
16208 20675 22612
16239 24405 6093
25293 6997 22625
5697 24919 21174
24724 18421 12129
24043 25256 18913
4461 14383 24156
16827 12003 18936
25117 17406 22239
24277 24823 18125
9336 25148 10521
12961 9423 3423
1146 25019 20739
23863 22508 10558
24289 9463 15523
2418 17910 24161
21646 21095 4536
25125 22524 24351
4507 18915 24445
17485 21115 15552
9377 21511 22638
20544 23448 6136
25133 25077 6993
6506 7556 21192
5742 25257 8525
14974 7040 15581
25300 25081 23538
19835 24083 22820
24056 10500 13268
25793 20696 20322
17514 14745 17576
11072 21946 13696
25621 24414 5345
2466 23461 19633
9418 21964 22651
22442 18447 23885
17543 18473 2562
24974 24257 7035
23474 22859 24446
1195 25258 20342
25794 16826 16578
21000 12040 18959
12222 22540 18982
12259 4957 22404
23489 3854 6179
24515 23474 19349
21022 7598 22832
23877 9503 17007
25762 1596 24354
25795 24094 21210
1244 19795 15610
23154 11472 1241
19212 22874 16131
11654 23487 23892
3521 7640 4581
21666 17937 20758
15007 20717 22254
22460 9543 21746
2514 25085 20777
2562 16855 2610
1293 16288 24166
99 17434 22418
21686 24925 20362
24526 149 1290
2610 13279 2658
4553 20738 22432
24537 24423 19654
15040 19364 14396
22478 21530 24447
2658 5002 18149
15073 7682 2706
9459 9583 2754
22817 25089 14427
7514 199 24279
24548 21982 13728
22496 24432 8565
24301 21549 21762
24069 8603 23107
25796 21568 24448
21044 14777 10595
23504 12777 19371
9500 24931 23899
6550 8644 24449
25307 7724 7787
14127 3900 12164
24559 14809 24171
21066 5946 7077
11692 22889 2802
23519 12077 9365
2706 23500 20382
2754 7766 8605
2802 5047 24450
14161 24830 12828
12296 18940 24357
20567 22904 22664
19860 3946 9404
25314 15607 6222
12997 5990 12199
14195 23513 8645
25141 24105 7705
16270 21135 15016
25696 19818 4626
25524 25093 23281
25625 23156 13301
24734 19388 9443
22514 15638 24360
21088 17462 21778
4599 21155 13334
21110 12114 12234
25424 18965 24363
24744 25259 24451
7557 23170 16159
1342 13314 3470
7600 20346 24044
10196 21587 23291
10236 24837 24176
25764 21175 24452
12333 25216 13760
24754 5092 143
18062 17490 20796
4645 24441 5389
16301 23810 12269
4691 8685 22844
22834 249 19675
11111 21606 18173
8500 3196 23547
25629 3992 7119
5787 24937 10632
25797 19841 21424
25633 7083 3939
15106 7808 193
9541 22556 23301
23534 25097 16605
16857 19412 9989
22065 7850 3517
25637 23526 18197
22084 24450 18221
19885 21195 19696
20185 4038 20402
16887 16942 19393
24983 24116 19005
1391 18499 7746
24992 13349 24181
0 24943 24409
149 24844 24186
25699 24267 24366
14229 25024 7828
199 14841 12304
16917 17518 23906
25702 19864 14458
13033 9623 18245
16332 24459 14489
2850 24468 1339
20590 25151 24283
15697 4084 3985
22851 25154 23726
10276 25260 22446
11730 15669 13792
24313 19436 7161
23891 19887 12862
2898 14873 243
23905 12151 8685
3568 25261 19717
15729 25262 4671
2946 24477 19738
20613 25263 14520
3615 13908 20422
20636 9663 18269
21373 2476 1388
13069 13384 22856
21132 24277 24369
21394 23539 16187
25321 19910 12896
25529 14905 11483
3662 18990 7869
20209 14416 293
24325 15700 22677
18090 16884 13824
24570 12813 23311
25534 23184 21794
16363 5137 2850
19238 16318 16632
9582 4130 17601
24764 19933 23321
25430 16348 5433
4737 8726 23331
23919 20368 23556
13105 11510 21810
3709 24673 22269
8542 9703 24411
16947 14937 1437
24082 13419 17626
24581 1645 7203
25766 10539 1486
13429 14969 17033
22868 24486 17059
23549 17546 21441
25539 22919 11519
15761 22934 12339
24774 10578 14551
20233 20759 23565
5832 25101 17085
20659 22572 1535
25328 15731 21458
13464 23552 22284
3756 19015 19051
4783 24287 24413
249 19460 23734
21706 20390 24191
25436 16378 23341
11150 25157 17111
25798 15001 4031
4829 4176 10669
25705 10617 15046
12370 11548 18293
11189 19956 19759
22885 15762 21228
25149 25264 15076
12407 19040 10027
25157 17574 15639
24592 13454 18317
1440 23822 17137
2994 8767 5477
5877 22000 15106
21415 11586 23351
21436 24681 18341
25799 299 21475
5922 24689 15668
25641 21625 14582
25645 19979 21826
22103 25265 14613
24095 2524 14644
4875 10656 3564
6594 22018 21492
5967 17964 16659
24603 9743 19780
11768 3243 0
7643 25218 10065
18593 24851 15136
12444 20002 7910
19910 23198 16686
9623 13489 22460
3042 15793 22474
13499 20780 15166
25165 23834 23742
15793 19484 24415
13534 17602 5521
21726 25266 4716
22532 10695 18365
24108 7126 9482
25800 23565 23361
24614 10734 1584
6012 22036 14675
11806 349 20815
25173 17991 7245
23170 399 22868
24625 18018 23574
24337 24949 13856
20257 23212 11555
15825 19508 24372
13569 25105 22488
25801 20801 23913
25649 24495 24453
24349 12188 3611
6638 13942 19801
25653 21215 23750
13141 19532 11591
299 15033 20834
10316 22054 15697
7686 16913 10706
21746 23578 23592
18118 13524 23758
18146 7892 17651
25708 18045 23920
21766 13976 22880
3803 24504 22892
24636 7934 8725
12481 20025 19822
9664 20048 7287
6682 20822 12930
3850 5182 19843
3090 4222 17676
18620 25029 17163
23933 9783 21246
12518 24697 24417
22902 22588 10103
12555 16971 13888
3897 4268 23118
15857 22072 19028
25657 23226 24196
11844 8808 21842
25768 22090 24454
25661 11624 19074
23564 21644 24375
13177 18072 24050
15139 25160 20853
25544 19556 8765
8584 7976 16215
25549 8849 14706
13604 10773 343
16977 1694 1633
13639 25267 23766
14263 24297 23927
9705 25220 15726
18647 8890 7329
11882 23591 20872
349 449 15196
19264 25222 24056
13213 6034 17189
3944 8931 16243
23186 8972 19097
12592 4314 4761
7729 24513 24455
18174 18525 24456
20281 20412 22904
17007 25163 20442
20682 23240 22690
399 22604 24419
25802 14010 15755
1489 2572 20462
20305 24522 14737
15172 25268 7951
14297 25034 23934
22550 3290 13367
17037 21663 10743
24784 24127 24062
1538 18551 10141
25001 25269 5565
25010 25166 13920
19935 499 13952
25803 15065 10780
15889 24705 23583
12629 14044 7992
23579 23254 24068
7772 15097 24074
25770 549 24287
22568 12849 10179
8626 21682 23941
24794 1743 22916
25804 24713 5609
24361 2620 21858
21457 5227 17701
19960 2668 20891
449 12885 22299
25554 13559 16713
3991 20843 22703
18202 5272 23601
22919 9823 24421
6726 25169 393
22586 11662 10817
14331 25270 13400
19290 3337 12374
14365 18099 21509
18230 18577 16271
22604 20864 17726
499 10812 23774
25181 25224 23610
11920 22108 19120
14399 20885 11627
19985 599 22716
8668 8018 21526
17572 24531 16299
24804 25109 24291
25019 15824 1682
19316 24858 23948
25442 20906 4077
16394 649 24457
10356 2716 19415
25189 23846 5653
22122 23858 22314
24373 21701 24080
25711 22126 19864
24121 24540 21543
7815 22323 443
19342 19065 22928
4038 15855 23129
22622 21720 21264
14433 6078 23782
25772 21235 22940
25714 24549 21874
14467 15886 22729
15205 10851 2898
25717 17000 17751
9746 22620 21890
24385 18603 17776
25805 17029 3658
19368 23268 24458
6770 22949 20482
18674 9013 24086
22936 15129 22964
19394 21255 15784
21786 4360 12964
18258 25226 24201
4921 19580 15226
16425 22340 13984
25806 10890 21560
21154 18126 22742
6814 15917 24459
25335 14078 23371
23594 21275 19143
9787 12225 21906
23609 4406 15256
10396 8060 22755
25807 10929 23619
25448 22636 20910
25808 6122 24092
15921 22964 17801
25454 7169 24295
20329 14449 10854
23202 17630 10891
19420 22144 23955
21478 10968 17826
17601 23282 19166
25460 6166 18389
8710 5317 4123
17067 18629 6265
22141 19090 21922
12666 19604 15813
4085 15161 4169
8752 9863 6308
9828 8102 10928
24814 23604 24378
4967 17058 24098
25028 13594 15842
18701 14482 24206
11228 24138 2946
21176 11700 23790
19446 24955 20929
7858 11738 1731
549 8144 493
21806 21295 10965
19472 1792 16327
5013 24558 23628
18728 699 24104
3138 21315 23140
17630 25113 23381
599 18153 10217
17659 6210 23962
20353 749 19885
23218 18655 4215
25466 8186 23798
6858 23617 20502
15953 23870 8033
20010 25228 7371
23234 20434 11002
6057 25230 12409
25809 24149 16355
3186 17087 20948
14501 24961 24299
15985 24967 5697
11958 24567 21282
9869 25271 24211
18755 22357 23391
6902 15193 12444
21826 22162 21938
23250 25272 24216
25665 9903 12479
5059 20927 22952
25559 22180 16740
20377 799 24460
19498 22652 21300
7901 24160 14016
24134 18681 24221
17688 2764 15286
14535 11007 7413
25037 24576 543
10436 8228 6351
1587 1841 20522
22953 17116 21954
23624 20948 5741
25564 6254 14768
19524 24721 24461
18782 849 18413
25774 24865 8805
25776 22198 24462
10476 19115 24226
4132 16408 4806
22640 24973 17851
25197 25273 16767
19550 15225 5785
20035 25274 18437
4179 11046 24231
8794 7212 9521
14569 5362 15871
20705 19140 19906
21846 9054 16794
1636 24307 14048
25205 23296 17215
1685 20969 4851
24824 25172 6394
25810 25175 7455
25342 22979 14080
22970 22216 24423
6946 18707 17876
20401 2812 18461
13674 25178 10255
24834 1890 8845
1734 25275 4261
23266 18180 22976
22160 3384 24236
11996 3431 6437
24147 22374 20542
21866 22994 24303
8836 23882 10293
25669 18207 12998
15238 20071 11039
14603 22391 23637
6990 11776 4307
24844 2860 24463
24397 12262 21970
19576 3478 23969
23639 24171 593
4226 5407 21986
19602 17658 17901
21886 20094 16383
10516 8270 643
17097 22668 24464
12703 21335 4896
21906 19165 18485
11267 9943 23976
21499 17686 2994
23654 8312 1780
21926 19190 22002
21198 5452 24241
20060 4452 16411
15271 25232 23646
17717 11814 23655
16017 24872 9560
19628 4498 15900
17127 23630 16821
18809 14515 20967
1783 21739 24425
3234 19628 1829
21520 17714 15316
13249 24879 15346
18836 23894 5829
25811 25276 9599
9910 24317 18509
25812 24979 11076
1832 19215 22018
24647 24585 3705
20425 3525 19437
1881 17145 693
25349 13629 10331
16049 12921 23806
18863 17742 24381
17157 23310 19189
23669 20117 5873
7944 7255 17241
13709 22684 23664
7034 21758 23983
25813 13664 21577
5105 17174 23673
24160 23906 23151
23282 11085 24465
25720 5497 20986
24854 24327 17267
23947 23324 18533
25814 23009 6480
9951 25277 23682
12034 2908 24110
23298 22700 18557
22179 18234 22988
25356 4544 1878
25569 25234 4353
3282 25117 23691
3330 19652 24466
25213 24594 23814
21541 5542 24246
11306 16438 743
20085 25278 21318
24173 12957 19212
20728 13699 8074
15304 21777 22502
11345 24729 1927
25574 12993 4941
17746 17798 22034
22658 5587 4986
13744 24985 24116
25579 23918 24467
25363 13029 22329
20751 20140 12514
10556 17770 16439
7987 11124 3752
21562 18261 22050
12072 20456 793
25221 23338 23401
25229 1939 23822
25237 23643 22344
25472 19676 10369
18890 16468 13032
20110 23656 1976
11384 15257 11113
19654 20163 3042
15337 9983 3799
25815 24337 23411
24658 25181 6523
21220 20186 843
7078 21796 21336
22198 16498 22516
24409 23930 23700
18917 24737 22066
4273 23942 23000
24186 23669 18581
25478 4590 24427
21583 22716 13433
5151 25279 24429
24669 18288 12549
5197 14112 24468
25778 16528 21594
24421 5632 24251
25584 18733 17926
6102 24991 9638
23684 17203 19927
22987 25236 8885
24199 15948 14799
14637 25238 24469
25046 899 24470
1930 5677 11663
16456 10023 14830
17187 13734 17293
19680 25280 22768
21604 1988 11150
25816 949 23162
20449 6298 6566
23961 23978 9677
25245 25281 8925
649 21355 23990
19706 23682 8115
18944 15979 23173
23699 2956 14112
5243 3004 23421
9992 24997 11699
13779 21375 20562
20473 999 5917
17217 20478 15929
25817 25282 18605
16487 16558 11187
17247 24745 16467
18286 25184 19235
19732 10063 19948
25673 1049 13466
16518 23024 22082
25818 15289 7497
18971 20500 19459
23975 9095 5031
25723 2037 20582
22217 14548 19481
16549 25039 17319
25055 24347 14861
23004 13769 3090
6147 16010 16495
25484 14146 24307
16580 6342 23184
23314 4636 18629
25253 22732 11735
20774 24753 3138
699 12299 20602
11423 3572 8156
16611 25044 2025
17775 25240 23195
20797 20990 19969
24864 5722 5961
23021 22748 8965
17804 9136 19990
25370 21011 16848
25377 2086 8197
23038 24603 20011
17277 21815 21611
12740 16588 24256
25490 20209 23997
25589 17232 2074
18998 6386 24431
24874 10103 16875
24212 19240 24384
12777 6430 24471
5289 15321 22098
18314 13065 21628
25384 11163 12584
25391 12336 22114
24884 25187 24311
14671 25121 24004
24225 7298 6609
24680 24761 9005
14705 10143 13499
23714 25049 23431
8030 8354 23206
18342 17826 24315
10596 11202 15958
25064 9177 6005
1979 18759 18653
8073 4682 24319
5335 21395 24261
25780 22764 19503
14739 13101 23441
25261 7341 3846
23989 20522 23451
749 14180 11771
23055 23039 23461
15370 17261 22359
24433 25125 13532
20135 3619 23217
20820 16041 22130
16081 24769 9045
12814 14581 9085
17307 24182 22530
7122 23695 9125
23729 25054 24122
18370 3666 18677
17833 12373 23228
22676 25283 19258
2028 22780 2123
22236 17290 2172
17337 23054 15376
17367 23954 24323
19025 21834 21645
7166 2135 20032
25073 20232 17345
25269 22234 24128
23744 18785 24011
25726 24193 2221
23759 14214 15406
25729 3713 21354
23330 23352 8238
12110 24357 23012
25277 4728 9165
19052 18315 17951
25677 24612 21005
22694 25190 18701
6192 8396 5076
22255 5767 22374
25732 4774 6652
799 11852 11224
25082 4820 3186
17397 25242 11261
18398 7384 2270
7210 22252 24327
6237 24777 893
25398 23708 24472
849 21853 24433
25782 22408 17371
8878 2184 8279
20843 23721 8320
15403 25193 15987
13814 24785 5121
21946 2233 24473
23774 7427 7539
21242 14248 22544
21966 25284 10407
25784 25196 17976
10033 15353 5166
21986 23966 17397
13849 22425 23471
19758 1099 22146
10074 2282 2368
16642 6474 23024
16113 5812 9716
23789 23366 13565
16673 25129 14892
25786 22442 9755
24894 3760 11298
18426 4866 16902
23072 25199 9794
25735 7470 6695
5381 21032 23830
7254 25202 23709
23346 14614 24435
17862 17319 11335
24691 6518 24474
6282 8438 13066
10636 16618 20622
2077 13804 23239
24904 16072 11807
25738 21053 9205
25594 23380 24134
23804 19265 21024
20497 25059 9833
25496 22270 20053
22274 20255 23036
22712 14647 6738
8116 25133 21372
13884 6562 23838
25788 9218 5211
25681 14282 16016
10676 11241 943
25741 23734 20074
4320 24886 24387
24702 21074 24331
23362 23069 23048
19079 16103 3234
10716 10183 11843
14773 16648 11372
25685 18811 23846
24914 15385 22162
24445 3052 22558
21264 16134 24390
22006 11890 24266
17891 3807 9872
25091 16165 22781
2126 10223 12619
25689 6606 23250
25405 20544 993
24924 5857 21043
23378 19700 8361
22026 15417 20095
12851 24204 24393
7298 23394 1043
21286 10263 14144
25790 13137 11879
23394 9259 13598
11462 19290 22572
24238 3100 24335
24003 23990 14176
18454 25244 24396
21308 19724 23060
13285 12410 20116
2175 25285 23481
22293 12447 16045
24457 6650 23491
23819 1149 21062
21330 20566 22794
23834 25246 21662
20866 24621 4399
20160 24002 20137
25599 25064 11409
8159 18837 22807
13321 25003 23072
13357 17854 20642
8920 25286 8402
22312 14680 19525
19784 12484 24475
8962 14316 10445
15436 20588 17423
24934 18863 11915
18482 25287 19281
12888 23084 9245
16704 10303 24018
15469 13173 14208
13919 1199 18001
10756 1249 6781
16735 23408 21081
6327 22796 14240
8202 16196 20158
4367 25248 23084
24251 20278 24140
25744 25205 24476
8245 1299 14923
24944 20610 7581
15502 11280 16074
9004 9300 11951
23410 20301 20179
24713 15449 4445
14807 24014 11987
899 19315 21100
9046 18342 9911
21625 25137 17449
25747 24367 22389
2224 24793 21679
8288 24026 17475
22331 9341 19547
22730 11319 19304
19106 16678 22178
24469 24630 21696
25285 6694 8443
17920 15481 10483
25604 17348 23501
18510 24215 13100
23426 24893 24477
13954 24377 12654
10796 7513 2319
6372 22812 20200
10836 24639 24399
11501 21415 24437
25502 16708 12689
13393 21872 20662
24481 24226 24402
23442 16738 23854
6417 22288 1093
9088 21891 18725
24264 1349 18026
17949 19748 13134
4414 12521 24025
949 18889 21119
22350 23747 23862
24954 6738 18051
13989 22828 23870
16145 23760 8484
25100 23099 5256
25508 13839 2417
15535 24801 6049
18538 24900 18749
22748 2331 6824
24964 12558 18773
2273 11928 13168
19133 17377 18076
15568 24648 14954
8331 23773 20221
25750 17882 12023
23458 15513 16523
3378 22459 9285
9130 12595 19569
14841 9382 14985
10876 20632 11446
3426 25141 21713
20889 12632 12724
14024 25288 24478
16766 3148 9950
10115 10343 18797
22369 24038 12759
25753 16227 13631
23089 1399 9325