26329
12 1 6
1 10 8
14 4 10
16 18 1
8 13 16
18 16 14
15085 25962 25508
24086 23925 24328
21777 21966 11493
24654 4394 3250
15643 25449 25955
13660 9917 22331
23604 9015 21911
10100 12525 25040
24420 1220 17721
21795 16141 25763
24805 15514 8283
4403 23085 19792
20011 20525 3297
23238 21987 13295
24534 25716 24341
5573 21394 12481
15116 23940 68
24730 24255 13331
20495 18064 10713
16273 18093 10193
24426 23717 23448
5617 5544 25516
18859 20125 25050
6453 14132 23464
15147 12562 19038
23251 23103 17750
22083 18644 25060
69 24661 23057
17628 1269 18185
7141 70 22787
23747 18122 23766
14221 6354 18633
4448 26052 23736
17358 2445 23480
24539 18151 26078
23897 9957 13367
18883 16173 17779
20894 13376 20676
12912 1318 26039
22916 23955 12518
8716 25599 21136
6496 120 5070
21813 9056 19064
24544 17464 26080
16302 20150 20699
24807 6398 25310
1319 26057 25644
23757 18672 25959
24809 25025 25865
24432 1367 21158
2727 3501 25524
20033 12599 17808
22930 25037 6060
24238 24269 20292
20516 23445 24853
19459 4440 1068
24658 23733 21180
22372 23462 16531
24245 25049 25870
1368 6882 6104
11088 3548 17151
16882 4486 14087
24438 20957 15227
7183 23479 25651
24444 170 19090
24861 23496 25070
2103 2493 17181
24094 14167 26120
119 18180 25963
2151 21416 24864
22944 26189 19817
21831 24674 21554
23264 19657 3344
16331 24687 23074
12946 8301 22805
22958 18209 25658
24549 3595 7380
24811 17494 118
8756 20980 168
24252 26267 19842
24554 2541 7423
22972 6925 1117
24862 26269 13403
23767 23513 4472
22676 25061 24601
24863 19683 2146
16910 22008 11531
17654 24700 20722
21849 14902 20316
15673 5589 6148
6539 20175 16019
2774 23970 19867
2821 24283 18213
4493 15547 25532
24559 22029 17837
11495 9097 10752
16360 6442 26082
24102 220 18660
15178 21438 21931
24564 23749 19892
22388 6968 24613
10138 25836 17211
12107 7011 7466
13693 26317 23496
24733 16205 25080
24736 26192 23751
14253 22705 23512
12142 3642 9291
15703 270 23091
24569 16237 26121
18907 5634 19917
20055 320 23108
5661 24297 10233
13726 25073 22350
18931 13412 14717
17385 25085 2194
14285 24311 25875
22100 25843 24006
18434 10717 26042
14317 2589 20340
20914 3689 19116
14349 15580 2242
24864 9138 1166
24865 16813 218
11125 25608 22369
24662 20200 25665
7855 25459 19142
19482 24713 11569
169 21460 13439
23906 25724 13475
10176 25469 21202
10214 9997 22823
2868 26271 25967
20537 10756 268
24813 16269 4518
24815 21003 25319
2199 6486 6192
15209 12636 18241
10252 4532 21951
20934 16844 17241
22986 25097 25880
7896 7054 3391
19505 24325 11607
24866 12673 25672
13759 25968 25769
11162 23121 22841
23472 18238 19168
9476 22365 26122
16938 7097 25679
24259 16875 14751
12980 7140 11645
17680 15613 15260
24739 26273 7509
2915 19036 5115
17706 20 22859
22117 18267 9332
4538 14202 1215
20558 21026 25090
15733 12710 25775
20954 18700 21224
7225 25229 24354
20077 26062 24020
23777 14237 25328
24817 25850 318
219 25857 23125
11199 4578 24367
18955 10795 15293
18459 2637 22388
23277 1416 21246
6582 26195 23781
20974 10037 24034
2962 1465 21971
17732 21049 25885
22404 21482 2290
2247 12747 12555
21867 21504 14785
23615 11575 20745
16389 1514 25337
4583 25109 368
23000 11613 16051
21454 6530 1264
24819 24726 21991
23626 1563 17271
24266 24739 21268
24273 19709 22877
24110 23985 10273
22134 26275 18687
24821 12784 5160
10290 13448 3438
17758 17524 13511
23787 11651 25686
16966 22724 14122
11531 12821 14157
22420 18296 15326
13792 26117 23142
3009 24339 25100
6625 15646 24875
11567 25479 24625
7937 2685 8325
16418 22743 24637
20994 16906 6236
10328 19735 20768
24666 25240 25971
11603 15679 5205
23797 20225 25781
18484 20549 22407
15240 19063 18269
3667 25732 10791
23290 370 15359
9515 20250 24886
19528 20275 19194
18979 26198 23159
13014 1612 1313
11236 18728 19220
23807 22050 13547
1417 24353 25346
13048 21526 11683
17784 26201 26084
24280 25974 20
24287 14272 9373
15763 14936 14819
21473 11689 25540
24823 9179 15392
4628 22385 25787
17810 3736 22011
269 26121 25355
14381 24000 23176
6668 13484 26086
22151 4624 25110
6711 17554 10313
23915 19761 25975
19003 26277 15425
16447 26279 10830
16476 21548 23193
22436 6574 19246
22168 9220 12592
13825 11727 25793
12177 11765 24380
14413 23530 19272
19027 26204 22426
7978 15712 2338
8796 26207 22445
21885 8343 18297
20579 21072 19298
17836 26210 25890
13858 19787 8367
19551 11803 8409
24574 24752 26088
3056 15745 23210
12212 10834 23528
8836 24765 24649
24294 18756 23544
319 21095 22464
23484 10873 12629
23496 11841 25895
2295 17584 22483
17862 12858 25548
23637 24367 25693
15793 25740 22031
22185 18784 24048
24450 22762 25364
20099 6618 5250
6754 26213 22051
13082 7183 21575
17888 26067 18714
22452 19813 24661
11639 20573 7552
23508 25864 23796
19574 19839 20364
24742 24015 8451
19051 16301 18741
19597 14307 22895
13891 21570 19324
23648 3783 14192
4673 15778 17301
18509 13520 17331
7267 10912 19942
22202 25748 15458
13116 18325 25900
23014 10077 14227
8876 24030 3485
20121 24778 25979
369 22781 16083
14445 7226 21290
16505 5679 25373
10366 11879 1362
23303 16333 18325
22691 25251 22913
24745 21118 19350
17914 22800 25382
21492 24381 12666
9554 25121 16562
23659 20597 25556
21511 17614 2386
21014 19090 23560
16534 14970 25799
22468 16937 8493
23817 26281 20791
23924 12895 13583
24670 26216 14262
15823 14342 10353
3713 11917 17866
18534 6662 3532
13150 2733 16593
24579 7269 7595
14477 14377 4564
4718 26219 10393
20143 9261 22502
12247 4670 2434
13184 3830 24897
23520 4716 23576
23827 23765 25120
20 18812 10433
5705 420 24062
10404 22819 6280
6797 19865 9414
23933 25489 22931
3103 23781 25983
9593 7312 7638
24456 14412 16115
16994 11955 26045
24118 17644 17895
24301 24045 25130
24825 24791 9455
21034 3877 24076
23670 25980 25140
21903 25756 18353
9632 26072 18381
24584 25133 16624
24589 14447 22071
3759 24060 12703
3805 22405 20814
2343 25871 1411
21530 23547 16655
23942 9302 25987
18559 14482 21596
23028 22071 24090
23837 22425 3579
3150 22092 25150
22706 20621 15491
20165 24395 20837
5749 19117 22521
23316 14517 24673
21921 9343 6324
23329 5724 24393
419 16968 18409
17412 21141 22091
13218 14552 12740
5793 20300 25391
19075 22445 25564
23532 7355 25991
17022 25262 21312
24594 15004 13619
12282 19144 26048
3851 22838 23811
8916 24409 26123
13924 20645 21617
20187 25273 3626
8956 25764 4610
24308 470 2482
24674 19891 24685
24462 15038 22540
15853 13556 25905
23544 10117 22111
15883 26125 24104
10442 20325 24908
13252 15072 25805
21549 4762 12777
11273 15106 5295
17940 4808 21334
17966 26318 24118
21568 9384 20388
13286 4854 3673
10480 10157 22131
22721 22857 25910
23042 24075 6368
24827 18354 26090
24315 1661 18437
21054 16999 15524
21074 26129 14853
19099 11993 1460
19123 21164 21638
20600 4900 9496
1466 4946 25995
19620 21187 5340
1515 10951 24697
5837 26283 1509
7309 25772 22559
24867 3924 22151
8019 24804 3720
24868 17030 25160
13957 10197 26124
8060 21592 17361
24869 8385 23227
2391 23564 18465
20621 25617 21659
8101 17061 21356
10518 24090 12814
8996 24105 25700
23342 23139 10473
23056 24120 8535
19643 18840 4656
24126 520 14887
4763 24817 25170
469 26133 23592
23355 8427 19376
1564 19171 3767
17992 24135 1558
5881 1710 25400
5925 19198 16147
3197 12031 24919
519 15140 19402
24748 26137 19428
15271 8469 16686
10556 25780 20860
21094 25878 26092
23681 3971 20883
24468 19225 6412
23556 26222 20412
4808 17674 11721
22736 13592 23826
21114 21614 24132
24870 19252 17391
11675 26319 2530
10594 17092 19454
569 620 17924
24751 13628 4702
22219 9425 16179
6840 12069 12851
619 4018 8577
22484 26077 24146
24871 25885 25180
24599 26141 22578
13320 12932 6456
8142 10237 23244
23692 16365 17421
21134 25499 24930
9671 23581 14297
10632 13664 15557
20209 23157 5385
4853 25986 22597
24474 26320 24941
17439 17704 3814
3244 25284 15590
24829 24423 3861
22500 4065 26094
12317 7398 21378
20642 13700 16717
20231 2781 16211
24678 22465 418
24754 4992 1607
23951 1759 19967
18018 12969 24406
3291 13006 15623
16563 17123 468
24872 1808 518
21939 24830 24952
23847 26145 14332
24757 2829 21680
7351 15811 9537
669 21636 24160
9710 17154 26096
21587 22113 23261
17050 26285 5430
20663 25892 21701
3897 18383 13655
9036 20350 23608
13354 12107 13691
24134 19279 10513
16592 23797 8619
8183 20669 20436
17466 25899 20906
11711 21658 13727
24760 25145 17953
15913 18412 26098
14509 15844 18493
24322 7441 10869
18044 570 24709
24480 25626 23841
19666 23175 24963
18584 26225 16243
14541 18441 16748
20684 25509 13763
719 13736 26125
22516 13043 6500
20705 24437 23278
18609 24843 25572
23960 26149 21400
24604 25519 1656
24831 1857 7681
23969 7484 22949
19147 25295 26100
1613 25306 26102
24873 22134 25580
2439 17185 16779
8224 24451 17451
24682 21680 5475
19171 22155 4748
24763 7527 22171
21154 26287 24721
24329 25992 7724
3943 21702 22616
19689 2877 18521
24874 13772 5520
21174 24856 25999
15943 2925 25811
24336 25906 11759
3338 5769 7767
8265 22876 1705
20253 23598 23295
24766 26289 12888
15302 15877 3908
6883 26082 10553
16621 23615 8661
24833 7570 17481
16650 2973 12925
9749 22485 24733
24142 13080 24974
24835 6706 25409
8306 23193 20460
20275 20693 21722
24609 23211 17982
24343 19917 9578
1662 12145 25418
22751 15910 16810
18070 670 9619
17078 22895 21422
22236 1906 10908
23070 17216 6544
20726 21210 23624
23978 15174 16275
21194 24465 17511
18634 22176 25427
8347 25317 9660
16679 8511 24745
22253 720 24174
23084 7613 9701
22270 23229 24757
5969 20717 24419
24686 24869 23312
20297 19306 7810
24150 12183 1754
6013 17247 2578
18096 19333 25190
24690 25328 19480
20747 26228 6588
24350 23247 26104
24486 17734 26126
23987 26087 18011
6057 15208 25817
20319 23265 21743
12352 22914 25707
6101 10277 7853
20341 14587 24432
24694 8553 2626
22766 19943 25200
24492 8595 21444
13990 12221 8703
24837 24479 26127
16708 13808 8745
20768 26092 26106
10670 20741 23856
24769 17764 10593
23996 25998 9742
3989 26321 11797
9788 21233 25210
18122 3021 3955
24357 3069 21764
13388 7656 25714
18148 23632 20929
15973 24150 5565
21214 3117 25915
22287 770 16841
769 15943 20484
20789 7699 16307
24614 13117 4002
6926 14622 8787
24772 7742 568
23098 5038 24445
22781 23813 6632
18659 13844 25721
9076 3165 24985
13422 22933 19992
15333 26231 16872
24364 23829 24996
18174 5084 17541
15364 3213 23329
24698 26322 20508
1711 10990 25436
11747 8637 26108
24619 9466 25588
14573 26097 25728
12387 26323 6676
14605 25788 20017
17106 23845 23640
17493 25635 19506
19195 21256 26128
24875 10317 25920
24624 13880 26110
9116 25157 5610
21234 5814 6720
23703 21724 25925
2487 22197 6764
24158 24493 6808
4898 16397 14921
12422 25339 5655
8388 23283 9783
14637 4112 10947
23568 25350 22191
24876 820 19532
4943 5130 6852
18200 5176 25930
4035 21746 1803
14669 22218 20952
10708 18470 12962
23580 26153 24188
19219 22952 618
24498 26102 17571
4988 14657 21466
24504 25361 15656
22796 23649 14367
7393 21279 8829
19243 25644 12999
14023 26107 23346
3385 23301 26129
14701 16429 668
9827 19360 25220
24877 26291 20975
10746 19969 25230
8429 26157 26051
819 25913 25596
15395 22971 10986
19712 26234 14955
24510 11029 14402
24629 20765 23871
24166 7785 25445
19735 23319 25823
17134 19387 15689
16003 11068 25454
21254 26293 23656
6145 24882 6896
24839 13916 2674
14733 26237 5700
9866 5859 13799
4081 25920 22211
21274 9507 11835
22532 1955 24202
24878 19414 11873
6189 24895 24769
24775 22505 22231
24005 20375 7896
869 25169 24458
19758 18868 5745
5033 25653 20998
24841 26295 25935
20363 10357 18768
919 24165 4794
15426 870 26003
17162 15242 718
21294 5904 14437
24702 11107 25007
2535 25927 768
24634 13154 25940
22811 20789 24781
969 14692 25829
13456 3261 21488
8470 24180 25463
21957 22239 25240
14765 22525 21021
7435 25372 9824
5078 25383 11911
12457 2004 26054
11310 8679 23886
16033 26324 6940
7477 26325 11949
4127 20400 24216
16737 16461 2722
21606 24195 25735
24879 23861 25604
24174 26326 22967
15457 26297 20042
20810 15276 11987
7519 20813 25472
11783 8721 11025
18226 19995 24471
9905 25529 20532
23112 15976 18795
24014 2053 16903
19781 11146 1852
8511 15310 2770
21625 5222 18822
24516 24535 26112
19267 20837 16934
24706 15344 25250
20831 24210 21785
24778 21768 26057
6969 21302 25835
23126 11185 23672
19804 21790 25260
12492 10397 13835
22304 17794 11064
24182 5949 26060
15488 24507 21510
2583 26004 18040
21975 25934 6984
23140 26240 4049
23368 23337 13871
14056 25941 22985
10784 16493 2818
23154 25796 24230
24190 26243 9865
3432 920 25481
9156 970 22635
1019 13952 18849
15519 26246 13036
15550 19441 23901
24371 20861 25612
12527 24908 18069
24378 26010 4840
14089 24521 18549
24023 21812 25841
1760 5994 13073
4173 20021 25945
11819 24921 25847
22321 20885 7028
7561 2102 8871
23168 16525 23003
6233 24225 14989
15581 22545 4096
24385 25394 16339
22548 12259 15722
24843 25948 12025
7012 24549 25742
10822 16557 21044
17190 2151 15755
24032 21834 7072
17520 3309 22654
11347 25804 4143
11384 25812 13110
7603 23355 4190
24392 2200 24244
18252 25662 818
24880 25405 20067
19291 11224 13147
19315 2249 4237
19339 23373 20092
10860 2298 26007
24881 12297 11103
8552 16589 2866
24845 24563 12063
24198 26299 15023
23381 25416 24484
14122 21856 19558
7645 26301 8913
21314 7828 24258
24041 15378 13907
24781 15412 20117
24847 16621 868
18278 7871 13943
9944 25539 16965
21644 25671 22251
12562 23666 16996
24522 10437 26063
1069 14727 7939
7687 26161 918
22826 16653 10633
24399 25549 19584
9196 7914 24793
19827 25181 5790
9236 5268 13184
5123 26016 2914
16766 26022 8955
24849 26303 25853
21334 16685 22673
20385 22260 23363
16063 25559 26066
21354 26249 2962
19363 6039 12101
21374 9548 24272
23182 18896 26114
23394 13191 24286
24206 7957 16371
3479 26305 23380
23857 21878 4886
10898 2347 24300
12597 9589 10673
20407 13988 23916
15612 20425 7982
5168 19468 24314
12632 9630 20142
24784 1020 26130
16795 12335 12139
11855 8763 20167
17218 26165 8997
24406 14762 9906
1809 4159 1901
24710 8805 25270
13490 25680 25018
24639 17278 20192
21394 23877 8025
3526 22990 26011
23407 8000 20556
10936 1070 14472
22841 4206 17601
21663 25569 968
18304 10477 22692
18684 6084 13979
19850 22565 24805
23714 20450 14507
18330 23391 21067
24882 14024 11142
3573 26169 20580
9276 10517 25280
4219 4300 9947
5213 17824 16403
1858 10557 18876
10974 26252 14542
24787 17854 17631
6277 26327 21532
24714 22585 12177
22856 25579 11181
5258 24577 24497
11891 14797 9039
18356 24591 15788
22564 12373 7116
7729 11263 9081
1907 22281 12215
5303 18499 15057
18382 26255 19610
13524 26173 12253
22871 16717 16435
5348 26307 25950
17246 11302 26015
7055 19495 24510
12667 25193 16467
17274 18924 18957
14797 20047 26019
23725 25820 12291
1956 11341 7160
24528 14060 26069
12702 21900 9988
2005 13228 17027
12737 26258 9123
24214 16009 22271
18709 24934 15821
9983 9671 25290
19873 26028 14577
9316 26177 21806
5393 12411 7204
12772 14832 26116
4265 6129 16499
22580 11380 22711
22886 6750 15854
19387 5314 15091
24222 25689 5835
2631 23683 23704
19896 18528 25029
23592 16042 22730
24790 8043 14612
22901 8086 20217
24050 11419 19636
24718 25698 26023
22596 17884 21827
18408 24947 23931
14829 20475 26118
20852 8129 5880
17547 17309 1950
16093 17914 5925
24793 8847 24523
14861 1120 1018
24796 26034 3010
22612 25427 25620
16123 8172 5970
19411 5360 17661
11421 22605 25300
10022 26309 4932
24883 1170 23021
7771 21922 24536
11927 17340 3058
21993 17944 19662
6321 12449 20242
16824 23009 17058
7813 22625 13221
24059 16075 9165
11963 6174 23688
16153 18952 1999
23420 17371 23397
14893 26311 17089
4311 6219 3106
23867 5406 9207
20429 26261 18903
18734 26181 4284
20451 25828 4331
24722 25707 11220
17574 20073 20604
23196 5452 23414
1119 19522 18930
2679 26264 14647
18759 11458 17120
5438 8215 18577
24884 23893 19688
16183 6794 14682
24851 8889 23039
24413 20099 11259
13558 21325 25749
14925 21348 22291
19919 3357 23431
22011 24605 11298
24726 24960 22749
17302 26112 26131
1169 11497 26027
8593 11536 4978
23433 10597 12329
11999 23409 5024
23736 20909 26031
9356 10637 2048
21682 22645 22311
19942 25205 18098
3620 17974 14015
21701 26040 23946
12035 13265 21848
24068 18004 22768
11012 9712 4378
17330 26313 15125
22029 25955 15887
24885 24973 25628
23446 13302 20628
23210 9753 3154
21720 24986 14051
22338 26185 15159
24230 19549 11337
24644 22302 23720
1219 18557 24549
17601 21371 12367
2054 23028 20267
1269 19576 23961
11458 18980 11376
14957 16749 26072
19965 22665 9249
24649 2396 11415
4357 24999 7248
21739 10677 7292
24853 24619 24562
11050 22685 26035
24855 9794 7336
19435 23909 8068
16213 3405 12405
22047 25217 19714
12807 5498 26132
14989 13339 10029
6365 22323 10070
21414 26315 21869
22355 20500 23976
8634 17402 4425
14155 8931 12443
20473 18034 25490
22628 16781 25636
12842 16108 25859
5483 19603 6015
10061 26046 25756
15021 23047 15193
13592 18586 24575
14188 18615 25499
24799 8258 8111
23459 22344 19740
8675 24240 24817
18784 9835 18984
12071 14867 15920
22644 6264 24829
22660 3453 24841
9396 25012 8154
6409 12487 20652
23877 9876 24588
16853 23066 19766
16243 19008 18127
24802 4253 21090
12877 24633 21890
18809 19630 10111
24857 15446 23991
20873 26328 19011
24859 25438 18156
23224 4347 18605
5528 17433 3202
18834 25589 15953
9436 23427 13258
13626 20933 15986
15053 23700 11454
24077 6838 26075
21758 8973 17691
23887 21944 21113
22065 6309 8197
7098 24647 8240
21434 15480 2097
19988 14096 10152