25945
50 25034 148
1050 24992 49
2079 24929 2127
3087 24845 3039
4074 24740 4027
5040 24614 4994
5985 24467 5940
6909 24299 6865
7812 24110 7769
8694 23910 8652
9555 23690 9514
10355 23450 10394
11135 23190 11173
11895 22910 11932
12635 22610 12671
13355 22290 13390
14055 21950 14089
14735 21590 14768
15395 21210 15427
16035 20810 16066
16655 20390 16685
17255 19950 17284
17835 19490 17863
18395 19010 18422
18935 18510 18961
19455 17990 19480
19955 17450 19979
20435 16890 20458
20895 16310 20917
21335 15710 21356
21755 15090 21775
22155 14450 22174
22535 13790 22553
22895 13110 22912
23235 12410 23251
23555 11690 23570
23855 10950 23869
24135 10190 24148
24395 9410 24407
24635 8610 24646
24855 7790 24865
25055 6950 25064
25235 6090 25243
25395 5210 25402
25535 4310 25541
25655 3390 25660
25755 2450 25759
25835 1490 25838
25895 510 25897
25935 10 25936
25897 559 25895
25838 1538 25835
25759 2497 25755
25660 3436 25655
25541 4355 25535
25402 5254 25395
25243 6133 25235
25064 6992 25055
24865 7831 24855
24646 8650 24635
24407 9449 24395
24148 10228 24135
23869 10987 23855
23570 11726 23555
23251 12445 23235
22912 13144 22895
22553 13823 22535
22174 14482 22155
21775 15121 21755
21356 15740 21335
20917 16339 20895
20458 16918 20435
19979 17477 19955
19480 18016 19455
18961 18535 18935
18422 19034 18395
17863 19513 17835
17284 19972 17255
16685 20411 16655
16066 20830 16035
15427 21229 15395
14768 21608 14735
14089 21967 14055
13390 22306 13355
12671 22625 12635
11932 22924 11895
11173 23203 11135
10394 23462 10355
9595 23701 9554
8735 23920 8693
7854 24119 7811
6952 24307 6908
6029 24474 5984
5085 24620 5039
4120 24745 4073
3134 24849 3086
2127 24932 2079
1099 24994 1148
100 25035 198
150 25036 98
1148 24996 1197
2175 24935 2223
3181 24853 3228
4166 24750 4212
5130 24626 5175
6073 24481 6117
6995 24315 7038
7896 24128 7938
8776 23930 8817
9635 23712 9675
10433 23474 10472
11211 23216 11249
11969 22938 12006
12707 22640 12743
13425 22322 13460
14123 21984 14157
14801 21626 14834
15459 21248 15491
16097 20850 16128
16715 20432 16745
17313 19994 17342
17891 19536 17919
18449 19058 18476
18987 18560 19013
19505 18042 19530
20003 17504 20027
20481 16946 20504
20939 16368 20961
21377 15770 21398
21795 15152 21815
22193 14514 22212
22571 13856 22589
22929 13178 22946
23267 12480 23283
23585 11762 23600
23883 11024 23897
24161 10266 24174
24419 9488 24431
24657 8690 24668
24875 7872 24885
25073 7034 25082
25251 6176 25259
25409 5298 25416
25547 4400 25553
25665 3482 25670
25763 2544 25767
25841 1586 25844
25899 608 25901
25936 60 25935
25901 657 25899
25844 1634 25841
25767 2591 25763
25670 3528 25665
25553 4445 25547
25416 5342 25409
25259 6219 25251
25082 7076 25073
24885 7913 24875
24668 8730 24657
24431 9527 24419
24174 10304 24161
23897 11061 23883
23600 11798 23585
23283 12515 23267
22946 13212 22929
22589 13889 22571
22212 14546 22193
21815 15183 21795
21398 15800 21377
20961 16397 20939
20504 16974 20481
20027 17531 20003
19530 18068 19505
19013 18585 18987
18476 19082 18449
17919 19559 17891
17342 20016 17313
16745 20453 16715
16128 20870 16097
15491 21267 15459
14834 21644 14801
14157 22001 14123
13460 22338 13425
12743 22655 12707
12006 22952 11969
11249 23229 11211
10472 23486 10433
9675 23723 9635
8817 23940 8776
7938 24137 7896
7038 24323 6995
6117 24488 6073
5175 24632 5130
4212 24755 4166
3228 24857 3181
2223 24938 2175
1197 24998 1246
200 25037 298
250 25038 348
1246 25000 1295
2271 24941 2319
3275 24861 3322
4258 24760 4304
5220 24638 5265
6161 24495 6205
7081 24331 7124
7980 24146 8022
8858 23950 8899
9715 23734 9755
10511 23498 10550
11287 23242 11325
12043 22966 12080
12779 22670 12815
13495 22354 13530
14191 22018 14225
14867 21662 14900
15523 21286 15555
16159 20890 16190
16775 20474 16805
17371 20038 17400
17947 19582 17975
18503 19106 18530
19039 18610 19065
19555 18094 19580
20051 17558 20075
20527 17002 20550
20983 16426 21005
21419 15830 21440
21835 15214 21855
22231 14578 22250
22607 13922 22625
22963 13246 22980
23299 12550 23315
23615 11834 23630
23911 11098 23925
24187 10342 24200
24443 9566 24455
24679 8770 24690
24895 7954 24905
25091 7118 25100
25267 6262 25275
25423 5386 25430
25559 4490 25565
25675 3574 25680
25771 2638 25775
25847 1682 25850
25903 706 25905
25937 110 25938
25905 755 25903
25850 1730 25847
25775 2685 25771
25680 3620 25675
25565 4535 25559
25430 5430 25423
25275 6305 25267
25100 7160 25091
24905 7995 24895
24690 8810 24679
24455 9605 24443
24200 10380 24187
23925 11135 23911
23630 11870 23615
23315 12585 23299
22980 13280 22963
22625 13955 22607
22250 14610 22231
21855 15245 21835
21440 15860 21419
21005 16455 20983
20550 17030 20527
20075 17585 20051
19580 18120 19555
19065 18635 19039
18530 19130 18503
17975 19605 17947
17400 20060 17371
16805 20495 16775
16190 20910 16159
15555 21305 15523
14900 21680 14867
14225 22035 14191
13530 22370 13495
12815 22685 12779
12080 22980 12043
11325 23255 11287
10550 23510 10511
9755 23745 9715
8899 23960 8858
8022 24155 7980
7124 24339 7081
6205 24502 6161
5265 24644 5220
4304 24765 4258
3322 24865 3275
2319 24944 2271
1295 25002 1344
300 25039 248
350 25040 448
1344 25004 1393
2367 24947 2415
3369 24869 3416
4350 24770 4396
5310 24650 5355
6249 24509 6293
7167 24347 7210
8064 24164 8106
8940 23970 8981
9795 23756 9835
10589 23522 10628
11363 23268 11401
12117 22994 12154
12851 22700 12887
13565 22386 13600
14259 22052 14293
14933 21698 14966
15587 21324 15619
16221 20930 16252
16835 20516 16865
17429 20082 17458
18003 19628 18031
18557 19154 18584
19091 18660 19117
19605 18146 19630
20099 17612 20123
20573 17058 20596
21027 16484 21049
21461 15890 21482
21875 15276 21895
22269 14642 22288
22643 13988 22661
22997 13314 23014
23331 12620 23347
23645 11906 23660
23939 11172 23953
24213 10418 24226
24467 9644 24479
24701 8850 24712
24915 8036 24925
25109 7202 25118
25283 6348 25291
25437 5474 25444
25571 4580 25577
25685 3666 25690
25779 2732 25783
25853 1778 25856
25907 804 25909
25938 160 25937
25909 853 25907
25856 1826 25853
25783 2779 25779
25690 3712 25685
25577 4625 25571
25444 5518 25437
25291 6391 25283
25118 7244 25109
24925 8077 24915
24712 8890 24701
24479 9683 24467
24226 10456 24213
23953 11209 23939
23660 11942 23645
23347 12655 23331
23014 13348 22997
22661 14021 22643
22288 14674 22269
21895 15307 21875
21482 15920 21461
21049 16513 21027
20596 17086 20573
20123 17639 20099
19630 18172 19605
19117 18685 19091
18584 19178 18557
18031 19651 18003
17458 20104 17429
16865 20537 16835
16252 20950 16221
15619 21343 15587
14966 21716 14933
14293 22069 14259
13600 22402 13565
12887 22715 12851
12154 23008 12117
11401 23281 11363
10628 23534 10589
9835 23767 9795
8981 23980 8940
8106 24173 8064
7210 24355 7167
6293 24516 6249
5355 24656 5310
4396 24775 4350
3416 24873 3369
2415 24950 2367
1393 25006 1442
400 25041 498
450 25042 398
1442 25008 1491
2463 24953 2511
3463 24877 3510
4442 24780 4488
5400 24662 5445
6337 24523 6381
7253 24363 7296
8148 24182 8190
9022 23990 9063
9875 23778 9915
10667 23546 10706
11439 23294 11477
12191 23022 12228
12923 22730 12959
13635 22418 13670
14327 22086 14361
14999 21734 15032
15651 21362 15683
16283 20970 16314
16895 20558 16925
17487 20126 17516
18059 19674 18087
18611 19202 18638
19143 18710 19169
19655 18198 19680
20147 17666 20171
20619 17114 20642
21071 16542 21093
21503 15950 21524
21915 15338 21935
22307 14706 22326
22679 14054 22697
23031 13382 23048
23363 12690 23379
23675 11978 23690
23967 11246 23981
24239 10494 24252
24491 9722 24503
24723 8930 24734
24935 8118 24945
25127 7286 25136
25299 6434 25307
25451 5562 25458
25583 4670 25589
25695 3758 25700
25787 2826 25791
25859 1874 25862
25911 902 25913
25939 210 25940
25913 951 25911
25862 1922 25859
25791 2873 25787
25700 3804 25695
25589 4715 25583
25458 5606 25451
25307 6477 25299
25136 7328 25127
24945 8159 24935
24734 8970 24723
24503 9761 24491
24252 10532 24239
23981 11283 23967
23690 12014 23675
23379 12725 23363
23048 13416 23031
22697 14087 22679
22326 14738 22307
21935 15369 21915
21524 15980 21503
21093 16571 21071
20642 17142 20619
20171 17693 20147
19680 18224 19655
19169 18735 19143
18638 19226 18611
18087 19697 18059
17516 20148 17487
16925 20579 16895
16314 20990 16283
15683 21381 15651
15032 21752 14999
14361 22103 14327
13670 22434 13635
12959 22745 12923
12228 23036 12191
11477 23307 11439
10706 23558 10667
9915 23789 9875
9063 24000 9022
8190 24191 8148
7296 24371 7253
6381 24530 6337
5445 24668 5400
4488 24785 4442
3510 24881 3463
2511 24956 2463
1491 25010 1540
500 25043 598
550 25044 648
1540 25012 1589
2559 24959 2607
3557 24885 3604
4534 24790 4580
5490 24674 5535
6425 24537 6469
7339 24379 7382
8232 24200 8274
9104 24010 9145
9955 23800 9995
10745 23570 10784
11515 23320 11553
12265 23050 12302
12995 22760 13031
13705 22450 13740
14395 22120 14429
15065 21770 15098
15715 21400 15747
16345 21010 16376
16955 20600 16985
17545 20170 17574
18115 19720 18143
18665 19250 18692
19195 18760 19221
19705 18250 19730
20195 17720 20219
20665 17170 20688
21115 16600 21137
21545 16010 21566
21955 15400 21975
22345 14770 22364
22715 14120 22733
23065 13450 23082
23395 12760 23411
23705 12050 23720
23995 11320 24009
24265 10570 24278
24515 9800 24527
24745 9010 24756
24955 8200 24965
25145 7370 25154
25315 6520 25323
25465 5650 25472
25595 4760 25601
25705 3850 25710
25795 2920 25799
25865 1970 25868
25915 1000 25917
25940 260 25939
25917 1049 25915
25868 2018 25865
25799 2967 25795
25710 3896 25705
25601 4805 25595
25472 5694 25465
25323 6563 25315
25154 7412 25145
24965 8241 24955
24756 9050 24745
24527 9839 24515
24278 10608 24265
24009 11357 23995
23720 12086 23705
23411 12795 23395
23082 13484 23065
22733 14153 22715
22364 14802 22345
21975 15431 21955
21566 16040 21545
21137 16629 21115
20688 17198 20665
20219 17747 20195
19730 18276 19705
19221 18785 19195
18692 19274 18665
18143 19743 18115
17574 20192 17545
16985 20621 16955
16376 21030 16345
15747 21419 15715
15098 21788 15065
14429 22137 14395
13740 22466 13705
13031 22775 12995
12302 23064 12265
11553 23333 11515
10784 23582 10745
9995 23811 9955
9145 24020 9104
8274 24209 8232
7382 24387 7339
6469 24544 6425
5535 24680 5490
4580 24795 4534
3604 24889 3557
2607 24962 2559
1589 25014 1638
600 25045 548
650 25046 748
1638 25016 1687
2655 24965 2703
3651 24893 3698
4626 24800 4672
5580 24686 5625
6513 24551 6557
7425 24395 7468
8316 24218 8358
9186 24030 9227
10035 23822 10075
10823 23594 10862
11591 23346 11629
12339 23078 12376
13067 22790 13103
13775 22482 13810
14463 22154 14497
15131 21806 15164
15779 21438 15811
16407 21050 16438
17015 20642 17045
17603 20214 17632
18171 19766 18199
18719 19298 18746
19247 18810 19273
19755 18302 19780
20243 17774 20267
20711 17226 20734
21159 16658 21181
21587 16070 21608
21995 15462 22015
22383 14834 22402
22751 14186 22769
23099 13518 23116
23427 12830 23443
23735 12122 23750
24023 11394 24037
24291 10646 24304
24539 9878 24551
24767 9090 24778
24975 8282 24985
25163 7454 25172
25331 6606 25339
25479 5738 25486
25607 4850 25613
25715 3942 25720
25803 3014 25807
25871 2066 25874
25919 1098 25921
25941 310 25942
25921 1147 25919
25874 2114 25871
25807 3061 25803
25720 3988 25715
25613 4895 25607
25486 5782 25479
25339 6649 25331
25172 7496 25163
24985 8323 24975
24778 9130 24767
24551 9917 24539
24304 10684 24291
24037 11431 24023
23750 12158 23735
23443 12865 23427
23116 13552 23099
22769 14219 22751
22402 14866 22383
22015 15493 21995
21608 16100 21587
21181 16687 21159
20734 17254 20711
20267 17801 20243
19780 18328 19755
19273 18835 19247
18746 19322 18719
18199 19789 18171
17632 20236 17603
17045 20663 17015
16438 21070 16407
15811 21457 15779
15164 21824 15131
14497 22171 14463
13810 22498 13775
13103 22805 13067
12376 23092 12339
11629 23359 11591
10862 23606 10823
10075 23833 10035
9227 24040 9186
8358 24227 8316
7468 24403 7425
6557 24558 6513
5625 24692 5580
4672 24805 4626
3698 24897 3651
2703 24968 2655
1687 25018 1736
700 25047 798
750 25048 698
1736 25020 1785
2751 24971 2799
3745 24901 3792
4718 24810 4764
5670 24698 5715
6601 24565 6645
7511 24411 7554
8400 24236 8442
9268 24050 9309
10115 23844 10155
10901 23618 10940
11667 23372 11705
12413 23106 12450
13139 22820 13175
13845 22514 13880
14531 22188 14565
15197 21842 15230
15843 21476 15875
16469 21090 16500
17075 20684 17105
17661 20258 17690
18227 19812 18255
18773 19346 18800
19299 18860 19325
19805 18354 19830
20291 17828 20315
20757 17282 20780
21203 16716 21225
21629 16130 21650
22035 15524 22055
22421 14898 22440
22787 14252 22805
23133 13586 23150
23459 12900 23475
23765 12194 23780
24051 11468 24065
24317 10722 24330
24563 9956 24575
24789 9170 24800
24995 8364 25005
25181 7538 25190
25347 6692 25355
25493 5826 25500
25619 4940 25625
25725 4034 25730
25811 3108 25815
25877 2162 25880
25923 1196 25925
25942 360 25941
25925 1245 25923
25880 2210 25877
25815 3155 25811
25730 4080 25725
25625 4985 25619
25500 5870 25493
25355 6735 25347
25190 7580 25181
25005 8405 24995
24800 9210 24789
24575 9995 24563
24330 10760 24317
24065 11505 24051
23780 12230 23765
23475 12935 23459
23150 13620 23133
22805 14285 22787
22440 14930 22421
22055 15555 22035
21650 16160 21629
21225 16745 21203
20780 17310 20757
20315 17855 20291
19830 18380 19805
19325 18885 19299
18800 19370 18773
18255 19835 18227
17690 20280 17661
17105 20705 17075
16500 21110 16469
15875 21495 15843
15230 21860 15197
14565 22205 14531
13880 22530 13845
13175 22835 13139
12450 23120 12413
11705 23385 11667
10940 23630 10901
10155 23855 10115
9309 24060 9268
8442 24245 8400
7554 24419 7511
6645 24572 6601
5715 24704 5670
4764 24815 4718
3792 24905 3745
2799 24974 2751
1785 25022 1834
800 25049 898
850 25050 948
1834 25024 1883
2847 24977 2895
3839 24909 3886
4810 24820 4856
5760 24710 5805
6689 24579 6733
7597 24427 7640
8484 24254 8526
9350 24070 9391
10195 23866 10235
10979 23642 11018
11743 23398 11781
12487 23134 12524
13211 22850 13247
13915 22546 13950
14599 22222 14633
15263 21878 15296
15907 21514 15939
16531 21130 16562
17135 20726 17165
17719 20302 17748
18283 19858 18311
18827 19394 18854
19351 18910 19377
19855 18406 19880
20339 17882 20363
20803 17338 20826
21247 16774 21269
21671 16190 21692
22075 15586 22095
22459 14962 22478
22823 14318 22841
23167 13654 23184
23491 12970 23507
23795 12266 23810
24079 11542 24093
24343 10798 24356
24587 10034 24599
24811 9250 24822
25015 8446 25025
25199 7622 25208
25363 6778 25371
25507 5914 25514
25631 5030 25637
25735 4126 25740
25819 3202 25823
25883 2258 25886
25927 1294 25929
25943 410 25944
25929 1343 25927
25886 2306 25883
25823 3249 25819
25740 4172 25735
25637 5075 25631
25514 5958 25507
25371 6821 25363
25208 7664 25199
25025 8487 25015
24822 9290 24811
24599 10073 24587
24356 10836 24343
24093 11579 24079
23810 12302 23795
23507 13005 23491
23184 13688 23167
22841 14351 22823
22478 14994 22459
22095 15617 22075
21692 16220 21671
21269 16803 21247
20826 17366 20803
20363 17909 20339
19880 18432 19855
19377 18935 19351
18854 19418 18827
18311 19881 18283
17748 20324 17719
17165 20747 17135
16562 21150 16531
15939 21533 15907
15296 21896 15263
14633 22239 14599
13950 22562 13915
13247 22865 13211
12524 23148 12487
11781 23411 11743
11018 23654 10979
10235 23877 10195
9391 24080 9350
8526 24263 8484
7640 24435 7597
6733 24586 6689
5805 24716 5760
4856 24825 4810
3886 24913 3839
2895 24980 2847
1883 25026 1932
900 25051 848
950 25052 1048
1932 25028 1981
2943 24983 2991
3933 24917 3980
4902 24830 4948
5850 24722 5895
6777 24593 6821
7683 24443 7726
8568 24272 8610
9432 24090 9473
10275 23888 10315
11057 23666 11096
11819 23424 11857
12561 23162 12598
13283 22880 13319
13985 22578 14020
14667 22256 14701
15329 21914 15362
15971 21552 16003
16593 21170 16624
17195 20768 17225
17777 20346 17806
18339 19904 18367
18881 19442 18908
19403 18960 19429
19905 18458 19930
20387 17936 20411
20849 17394 20872
21291 16832 21313
21713 16250 21734
22115 15648 22135
22497 15026 22516
22859 14384 22877
23201 13722 23218
23523 13040 23539
23825 12338 23840
24107 11616 24121
24369 10874 24382
24611 10112 24623
24833 9330 24844
25035 8528 25045
25217 7706 25226
25379 6864 25387
25521 6002 25528
25643 5120 25649
25745 4218 25750
25827 3296 25831
25889 2354 25892
25931 1392 25933
25944 460 25943
25933 1441 25931
25892 2402 25889
25831 3343 25827
25750 4264 25745
25649 5165 25643
25528 6046 25521
25387 6907 25379
25226 7748 25217
25045 8569 25035
24844 9370 24833
24623 10151 24611
24382 10912 24369
24121 11653 24107
23840 12374 23825
23539 13075 23523
23218 13756 23201
22877 14417 22859
22516 15058 22497
22135 15679 22115
21734 16280 21713
21313 16861 21291
20872 17422 20849
20411 17963 20387
19930 18484 19905
19429 18985 19403
18908 19466 18881
18367 19927 18339
17806 20368 17777
17225 20789 17195
16624 21190 16593
16003 21571 15971
15362 21932 15329
14701 22273 14667
14020 22594 13985
13319 22895 13283
12598 23176 12561
11857 23437 11819
11096 23678 11057
10315 23899 10275
9473 24100 9432
8610 24281 8568
7726 24451 7683
6821 24600 6777
5895 24728 5850
4948 24835 4902
3980 24921 3933
2991 24986 2943
1981 25030 2030
1000 25053 1098
0 25054 998
2030 25032 0
3039 24989 3133
4027 24925 4119
4994 24840 5084
5940 24734 6028
6865 24607 6951
7769 24459 7853
8652 24290 8734
9514 0 9594