25947
0 13470 22129
15997 18880 18956
16028 10793 24016
20951 10831 14411
24694 20987 15307
17805 7188 23752
2077 8932 24989
15293 25138 13308
9721 22726 4988
22789 17834 20890
23491 17312 6264
2125 6801 23253
24702 47 2689
43 19478 15338
11226 21493 17556
12616 25663 11402
13491 16712 4178
21392 17341 24904
6492 18906 25152
22805 18932 13342
20298 8112 23500
24710 20003 18381
7180 10052 10604
4710 25768 19604
25307 3378 10642
24514 17370 16113
93 24264 20365
24718 21514 9551
8881 18958 19004
16710 20435 1633
23505 23585 13376
25426 21535 21410
24726 12370 18406
8020 2274 12573
8921 17399 18980
5700 7230 25061
24274 16340 22146
7222 23086 12105
22139 25668 11439
13525 13573 15369
22157 10869 25064
8961 23409 16143
25310 25881 21733
17833 4506 13784
7264 6844 25094
11263 24918 7296
25125 20027 3488
2989 20051 18069
21412 8153 24246
16740 25318 24026
23827 14389 19028
7306 11667 6307
143 24472 17583
24734 23900 24498
24910 25438 25067
24284 25673 10680
24917 23914 24255
193 15412 25153
3036 22460 10718
21892 10907 13410
14171 18394 22640
23839 25326 23512
9760 22060 22384
16770 23928 23524
2173 20458 25096
1293 1147 20910
13559 12910 25098
25382 23942 14443
17861 21556 24036
6535 4552 24264
25130 4598 24790
12040 24676 21751
12651 25678 24273
12076 23600 23266
9001 16742 11476
11300 24928 19903
24294 12406 25100
18963 25772 14475
12112 10945 23536
243 25147 19925
7348 1196 11513
23221 22744 4223
18989 25776 8831
14204 10983 5032
22175 97 148
22821 24277 15400
24304 18984 24650
18477 25925 19627
24043 14422 24282
25313 2322 22655
23645 20481 22670
15325 25926 17024
19015 21577 18431
6578 16371 24046
24523 3425 25102
1342 147 20930
11337 3472 13817
12686 25445 19947
20972 7272 10756
11374 21009 25154
9041 14455 5076
19561 21031 2736
16800 24484 7338
17889 6887 24657
16059 21053 25104
22193 14488 24909
9081 197 8871
25029 25452 19052
3882 4644 22400
24314 25848 11550
3928 24687 24796
5744 24938 7380
23658 25883 7422
23851 12945 20386
11411 23103 5120
19986 23425 3534
1391 4690 18456
4755 20504 9590
21432 247 23548
20643 16772 17052
25427 14521 24802
12721 5921 898
12756 17862 20950
23236 25885 22163
9799 22080 8052
25428 20527 3580
24532 13539 19076
24924 2370 23015
12148 20075 16173
25316 17890 19969
18504 8194 23763
24742 3519 19991
10618 25887 6350
293 25585 24993
5788 14554 24291
25135 297 10794
10656 23120 15431
12791 10091 24300
24054 25889 24309
19586 25927 48
22211 25591 18481
24750 17918 98
15357 25683 2783
17917 19010 24506
22837 8972 23774
25195 24698 5164
18531 24709 10832
1440 24948 24914
24065 25459 20407
11448 19503 4268
22853 19036 9629
25429 9012 21429
19041 25891 10870
21452 9052 25106
9838 21075 13850
25035 17946 2830
12184 25156 15462
9877 0 21769
23519 5426 14507
14237 24720 17080
22229 23956 20428
12826 23970 18506
7390 21097 24997
25199 13607 22685
21472 9092 22700
3974 15444 14539
24324 10130 23279
20321 23137 8911
25203 24496 25155
23671 7314 25070
11485 8235 198
343 25780 13444
25430 20550 25001
15389 18421 20449
1489 23984 24514
23684 24290 1681
4020 22479 15493
2221 25928 25073
24334 12980 25108
25431 19528 16473
24076 12442 7464
24541 25165 25110
25207 25466 10908
23251 24958 19100
25140 21119 11587
5832 21598 19650
25211 5471 13883
12861 8276 24919
15421 25893 16203
3083 2418 4313
12220 22762 18531
12896 15476 20470
5876 24968 24808
25215 25473 23785
24550 15508 23560
23266 11704 17108
23863 7356 17136
6621 25895 13916
17945 25334 21787
12256 25480 23572
12931 22780 20013
25384 14587 23796
8061 25342 10946
22247 24731 8951
16830 5516 23584
11522 5965 7506
25041 10169 22180
12966 25929 21805
19611 20573 23807
14270 347 23818
21911 25897 22715
2269 13641 24664
7432 4736 22416
23281 3566 248
24931 25174 2877
25219 22498 20491
24758 22798 8991
25223 25487 20970
9121 23615 12608
23533 15540 17610
20010 22517 25112
25145 23441 20990
25432 25688 24318
2317 3613 23292
23296 25851 298
22265 25183 22730
19067 2466 16233
15453 24978 19673
21492 5561 21823
17370 14620 5208
20993 13675 22745
22517 16802 20512
23547 7398 1729
25047 6009 17637
25386 20099 3626
25227 25784 2924
25231 24508 13478
2365 2514 7548
4800 25788 24671
25053 23154 16263
19093 22536 22760
14303 25930 23029
9161 21141 348
14336 25931 23305
24938 7440 9668
20344 22816 6393
16090 8317 12643
25388 3660 4358
24559 22100 12141
25235 25932 1777
9201 14653 9707
9916 25792 15524
7474 3707 24678
10694 25796 12678
4845 22120 24522
12292 25854 6436
20665 22140 7590
9955 24742 25156
9994 16832 4403
1538 15572 8093
13593 17974 25157
4066 1245 25076
24344 19062 25079
24354 25494 6479
25390 22834 24327
22534 8358 23043
12328 16862 16293
14369 4782 24530
20367 25857 24814
14402 11021 13512
22869 18002 11624
24364 25693 22775
22551 18030 24056
23697 16402 11661
6664 25860 23318
24568 23171 17164
4890 11059 10984
9241 23998 24538
19119 7482 15555
21930 21619 18095
23311 25597 18121
25150 25863 7632
10732 25603 9031
4935 9132 9746
16860 11741 20533
20390 24520 6522
20413 5606 1825
18558 15604 24685
9281 17428 21841
24087 3754 17664
23326 18058 1873
14435 20596 9071
18585 397 11698
24766 6053 22197
3130 16892 20035
22885 10208 19696
24774 20123 9785
21014 24532 22790
25392 24012 11022
20687 14686 21010
13001 12478 5252
4980 11097 25082
21512 24303 20057
21035 3801 1921
16890 25192 11735
18612 11778 19719
22568 17457 25005
5025 8399 9111
23561 23457 17691
14468 6097 23331
21949 14719 25158
10770 13709 17718
17399 12514 25114
24945 14752 22214
20436 19553 5296
22283 1294 23344
24374 25350 22432
21968 25698 21030
19145 24544 22448
22901 18448 6565
16121 2562 14571
6707 15636 14603
25319 19088 23057
25155 24988 24820
9321 20147 21050
25322 5651 19124
1587 24998 5340
16152 11135 25159
11559 2610 24826
10808 24026 12713
21056 18475 14635
17973 13015 25116
24577 25201 16502
5070 25008 23071
24098 18502 24336
13036 16433 7674
25160 13050 16531
25433 25933 20079
24586 20619 6608
25239 18529 3672
393 1343 25160
25394 6141 23085
10033 24040 22464
18001 25800 14667
14501 25703 17192
443 25804 9824
6750 23630 9863
21987 23188 25085
25396 14785 25161
3177 25609 4448
20459 22852 2971
21077 25708 9902
20709 3848 25009
25398 24753 5384
13071 17486 5428
16920 447 23829
10846 25501 22480
13106 1392 24546
15485 6185 947
15517 11173 20554
14534 25615 25118
5115 25713 18556
25243 13743 18147
12364 23473 8134
10072 25899 25013
17428 11211 21448
9361 15668 25120
8102 24316 17745
24782 20171 9151
15549 7524 18173
19171 24054 23099
24952 9172 23113
20482 6930 24692
22301 13085 22805
25400 5696 19148
5160 22870 5472
25247 25018 22231
25251 3895 18581
16183 10247 4493
16214 19114 1969
10111 14818 19172
16245 25508 5516
16276 19140 20101
23875 10286 996
13627 25934 19196
24595 13777 9941
14567 14851 20123
13661 23645 7716
25165 20642 19220
21532 24068 1045
25059 22555 13546
14600 10325 398
23710 9212 6651
19197 22160 21467
24109 16464 22820
13141 1441 22835
24959 25866 9980
16950 25028 12748
21552 21640 19742
19636 1490 12783
24384 25038 12818
1636 25515 19244
19223 13811 19268
22917 22180 6694
23887 11249 25162
23899 18556 13949
24120 24556 6737
21572 22200 2017
3224 21163 24066
16980 8440 11772
23575 24082 12853
17010 4828 7758
23911 25358 17772
21592 25210 3718
8143 21185 12888
8184 15700 15586
9401 24568 3018
20731 18086 22496
17040 7566 25017
23923 2658 21859
11596 25219 23357
8225 2706 19765
19661 15732 5560
5205 21207 3065
19686 6229 23127
493 17515 20575
21612 20665 448
21098 22220 18606
13176 10364 22850
20034 8481 21486
24131 6973 19788
22319 6273 9191
21119 13845 19292
16307 15764 24554
23589 25366 25088
24966 21661 7800
2413 22574 18631
10884 10403 5604
23723 9252 10019
18029 25048 22248
24973 21682 13580
13695 1539 19316
23736 25935 16560
22933 24329 24562
5920 21703 21877
25434 7608 18199
25402 25936 18225
25435 2754 23141
2461 25718 20145
25065 4874 25163
22949 20195 19340
543 4920 21070
24980 13879 24924
21140 17544 24832
5964 15796 11060
17457 19166 22512
6793 25901 13982
10150 13913 12177
25436 9292 16323
24987 14884 21090
8266 23205 5648
14633 15828 17799
9441 23660 18656
25325 6317 18681
1685 4966 8175
6008 17573 24929
10189 23675 15617
19711 22240 498
9481 25374 23840
10228 25808 23851
18639 1588 8216
6836 25058 24345
25437 1637 11098
20058 11815 4538
11633 1686 20596
18666 24580 12213
10922 14917 20617
14666 15860 24699
3271 24096 17826
7516 25621 1094
24394 23222 22265
11670 17602 21110
6879 18114 21895
10267 17631 23862
19736 11852 25122
23341 14950 21130
8307 8522 24706
5250 20219 15648
15581 24592 15679
25255 3942 14699
6922 2802 24354
22585 25903 24713
593 10442 1143
643 14983 3112
22965 2850 10058
23356 25068 24934
22602 9332 22528
21161 17660 17853
10960 24764 23155
4112 23690 17880
24142 7650 21150
17070 7016 6780
20505 19192 21505
25404 5012 21913
22337 24604 19364
23371 25228 22282
14699 19578 24570
22006 12550 8257
693 17689 548
20753 24775 12923
743 18142 24076
13729 16922 16589
22619 24342 2065
7558 25237 11136
7600 19218 20638
25406 21724 24720
21182 25905 21931
18057 5741 14731
15613 15016 11174
4158 20688 20167
22981 22888 14015
17486 497 22865
14732 16952 6823
17100 1735 14048
6052 5058 10097
2509 7692 24578
16338 15049 23596
10306 24110 20659
10998 7734 25021
4204 18583 22299
4250 547 24586
25259 21745 21170
15645 25907 24363
6096 7776 24594
793 20711 6866
21632 5104 16618
24604 25522 24086
11707 16982 3159
4296 25723 25025
22355 20734 20189
4342 12586 8298
19249 23239 19388
24994 25728 25124
24613 25627 5692
23603 24786 15710
10345 15892 12958
25263 23489 21949
17515 1784 2113
22997 23256 23873
25071 21766 4583
7642 11287 22880
22373 25869 23370
24790 7059 16647
14765 25812 23608
16369 2898 6909
23935 25246 23620
17130 22906 23884
22025 19244 19412
25267 22593 25164
21652 11889 23169
18693 13120 21190
13763 6361 19436
13211 23705 598
4388 9372 23183
22044 2946 17220
18085 25909 20211
25328 9412 21967
25331 25529 18706
25271 5150 25165
2557 7818 18251
12400 20757 24602
21672 24797 6952
25334 24124 24372
24622 18610 23632
6140 23720 17248
18113 23735 15741
16400 24138 24838
25438 8563 24610
15677 15082 23383
11744 8604 14081
24798 15924 5736
22636 19270 25126
20528 13155 3206
23749 3989 24096
15709 19603 8339
16431 22612 20680
25275 6405 11212
13797 4036 17276
843 1833 25029
2605 20243 14114
24404 19296 24618
24806 21787 24727
19275 11325 11809
20775 24616 15772
11036 25633 19811
20551 19628 14763
6965 17718 17907
14798 21229 21270
14831 22260 11846
21692 22280 14795
6184 21251 23396
22653 15956 648
17544 25639 21210
16462 25078 23197
13246 25911 24939
23386 8645 21524
20574 7860 22316
3318 25872 18731
25439 21808 19460
7684 10481 9231
14864 15115 25033
13831 20780 24381
23947 23750 24390
6228 11363 3253
13865 20803 24944
20082 7902 11883
18720 20826 23409
25279 24355 0
893 11401 24734
24153 21829 24844
25440 18170 3764
23762 20267 24399
20797 10520 18756
13899 10559 17304
25441 9452 21543
20106 21273 698
22670 24628 24949
19301 7944 1192
25283 22924 2161
15741 21295 14147
6272 25816 21562
22391 25937 14180
3365 25820 24408
20819 18637 2209
22409 13947 3300
4434 20849 23422
9521 8686 24106
18141 10598 23895
25077 2994 22544
3412 15988 25166
16493 17747 6995
15773 21317 21581
25442 20872 2257
5295 17012 23211
24164 15148 12249
24814 4083 24741
14897 5786 14827
6316 597 22895
21712 23765 22910
23013 19653 12285
23959 23273 22560
943 647 7038
4480 20291 12993
10384 25875 748
11781 16020 24417
17573 21339 9271
23029 16495 16676
5340 9492 20701
25337 18664 25128
21203 6449 8380
14930 12622 1241
20597 8727 11250
25340 23780 7081
25287 21850 2305
19761 25088 20233
22687 25913 4628
24175 19322 12321
18747 23505 23435
21732 7986 1290
25291 19678 19484
12436 4130 25167
23971 25824 2353
7726 25828 15803
13933 21871 22333
23045 25536 1339
14963 8768 17332
25343 22300 15834
18169 4177 20255
22427 697 20277
21224 747 15865
23061 15181 14859
5385 24808 24116
18197 13190 21230
25346 12658 24626
8348 22942 8421
21245 11926 16705
18774 20315 21250
25349 19703 25130
21752 22960 23644
993 21892 24126
7768 3042 2401
12472 11439 16734
16524 25382 25037
17602 13225 24954
9561 17042 22576
25295 13981 23906
25001 11477 16763
21772 8028 24959
19786 5196 24850
16555 24368 24426
23775 20339 24136
25352 19728 4673
25443 15214 10136
25355 24640 4718
18225 20895 21290
24186 9532 10175
3459 25390 17360
18801 18198 798
4526 25733 24964
16586 24152 18277
10423 18691 4763
22704 4224 14213
14996 22631 9311
6360 25255 15896
22445 25543 25132
4572 11963 16792
20130 22978 7124
19327 24381 14246
11818 18718 11288
5430 1882 24748
25358 16052 21310
18828 17072 5780
23077 797 22925
17160 24819 24146
8389 14015 8462
19811 25938 25134
10462 16084 22592
24197 15247 24156
22721 21361 22940
21266 6493 13614
3506 3090 17934
3553 25832 14891
13281 5831 22955
24631 10637 22970
2653 22996 13028
23093 17102 5824
17190 25836 3810
23983 3138 16353
18855 9572 8503
23109 18745 23656
1734 23795 21600
2701 8809 23225
25361 25550 16383
22463 22650 10214
18882 10676 21619
20154 25939 9351
24822 25915 19508
3600 24394 10253
17631 23014 24166
17220 17132 25136
19353 17162 24969
25008 18772 1388
17250 24407 19834
18253 25940 14923
20178 24830 21638
23617 25398 24176
5475 12694 11920
1043 12000 16821
24640 9612 25138
24649 25264 25168
15029 24166 17388
15062 25557 10292
22063 1931 24186
6404 22320 23917
24830 11515 24856
1783 5242 24196
23401 23290 20299
9601 19348 13648
2749 23810 13682
24838 25564 3347
11074 23307 5868
22082 6537 5912
20841 11553 24974
25364 23521 17416
6448 21913 8544
13316 9652 11326
19836 16526 3856
25408 4271 24755
19861 17776 17961
25410 19374 25140
19886 10715 24862
24846 25273 12357
20863 23032 14279
25299 19753 3902
2797 25645 10331
25367 20918 15927
13967 25098 24634
21792 12037 25169
24414 24652 9391
20202 12730 20722
19911 5288 22985
25083 25738 23448
3647 24841 16850
15095 25651 24435
23416 25282 21330
1093 3186 7842
8430 25743 7884
24854 12766 24444
5520 21383 16413
21287 12074 20743
21812 21405 5956
25444 12111 14955
8471 25917 7926
19936 16116 25170
19379 21934 20321
11855 25748 20764
21832 14049 18781
23788 15280 23461
24862 25571 23668
8512 16557 24762
25170 18226 24868
18281 1980 10370
19405 25878 11957
10501 17192 14312
11892 13260 8585
25412 18254 14345
1832 9692 24769
17280 25919 21350
8553 20363 21985
20885 19400 1437
25414 22669 12393
8594 18282 16443
15805 25921 14378
21308 23537 23239
24424 19778 6000
22481 4318 15958
7810 24420 10409
18309 23324 3948
25089 12148 25171
23125 20387 22003
7852 22688 13716
23995 5334 20785
15128 13295 12429
24658 9732 14987
11112 14083 22021
23141 14117 4808
21852 12185 25041
20620 15313 22039
24667 23825 16879
24434 15346 25142
1143 23840 19532
17660 5380 25172
12508 847 4853
2845 12222 23928
11929 2029 18806
18909 23341 17444
17689 24852 16908
12544 25941 15019
20907 12259 7167
11966 18310 12465
3694 21955 2449
16617 5876 23680
25416 8850 8626
1193 23855 21657
12580 17222 7210
25418 2078 16937
25175 22707 7253
14001 25753 21370
5565 6581 7968
8635 3234 8010
17310 2127 6044
15837 16148 19556
18337 23050 15989
19431 19803 18303
25370 25108 20806
15869 12296 24453
16648 25923 20827
24444 9772 23939
15161 24863 2497
22101 21976 24462
23431 19426 3994
5610 18799 22608
24007 25942 18329
8676 2176 18831
4618 23358 13063
24870 14151 25091
22738 20411 18355
1881 9812 20848
11150 25943 4898
19457 4365 13098
16679 6625 24874
12003 19828 848
8717 24180 11994
13351 17252 23692
25180 9852 22057
5655 12333 11364
24019 24433 23950
7008 13330 23000
14035 16180 9431
23446 23375 22624
23157 16212 17988
23173 24874 24776
24454 19853 23961
20929 2225 4040
21329 23068 17472
9641 17805 10448
18365 22340 18856
22120 7102 21676
1930 21427 13133
3741 12802 3394
21872 14185 21695
24208 21997 12501
25015 4412 25045
23461 25406 23704
7051 22360 21390
3788 20941 12031
17718 16588 1486
25303 22380 18881
25095 24664 22075
15901 24885 23972
14069 25758 19857
8758 9892 13168
3835 22400 4086
24464 16619 15051
2893 24194 20869
7094 18338 15083
1979 11591 6088
1243 25291 25049
18393 9932 25053
23801 24446 9471
24474 11629 25144
24676 22420 6132
24031 16244 13750
22755 24208 13203
17340 25944 24979
25101 23870 15115
18421 3282 8667
20226 19878 24880
18936 14219 8708
21350 6669 24886
19483 4459 24471
23189 19903 22093
17747 25657 16020
19961 16276 20343
7894 18826 23983
25420 897 8749
22772 22440 1535
25445 13365 24480
15933 25300 19580
25422 16650 15147
24484 25118 24206
25022 14253 21714
24878 947 18906
13386 21449 15179
25446 15379 24892
8799 10754 13238
10540 24896 6176
23205 3330 4943
25107 23553 16966
25185 997 18015
24886 25840 10487
25424 13400 18931
24219 25763 25146
24685 19928 10526
14103 22018 16051
2941 18853 6220
25373 14287 15211
25113 19452 24898
13421 25128 23716
8840 25414 23994
4664 6713 24216
2028 25309 17500
24230 14321 22111
24241 25422 22350
19509 25945 23728
20250 22039 24005
24494 17282 19880
15194 19953 4132
22499 1047 8790
10579 23885 3441
24504 12838 16995
24894 25430 15243
18449 16308 23740
7936 8070 1584
24902 8891 24489
15227 21471 23474
15260 18366 24783
25190 13435 2545
14137 25844 2593
25447 20964 15275
7137 9972 16082
19535 24222 24236
21371 25578 2641
24252 23392 13273
25376 24236 23487
13456 13504 24226
7978 1097 25057
9681 24907 25148
24263 6757 9511
25379 12874 18042
23814 24459 12068
25119 16681 12537
20274 10012 25173
11188 23569 24984
23631 14355 10565
17776 25946 25150
23476 7145 17528
25448 19978 24642
15965 24250 22367