1346
1218 897 1201
1145 600 62
687 1130 515
865 689 632
796 1133 853
371 745 1104
1225 1045 1184
236 940 302
493 1108 783
413 466 887
532 849 1337
1267 128 1278
282 219 1342
1001 824 953
649 36 708
1175 535 593
1 873 1215
1189 263 1331
1109 1072 1143
1243 631 1287
952 1084 433
724 919 984
1089 1012 1296
92 172 474
1024 1142 1062
141 772 920
571 1136 746
831 83 16
1231 430 1323
1209 393 1227
1261 798 1244
977 1139 390
1253 1059 1012
453 1096 1124
1160 1 1040
42 958 1305
1264 976 112
1257 1029 670
328 1144 1268
1237 1146 2
1128 307 1256
1248 568 819
760 1125 1164
1046 6 346
189 350 554
1199 660 1314
896 994 1083
1068 501 212
926 1117 257
610 717 162