19639
18684 18025 16655
1788 18482 10181
2604 599 15029
9825 6041 17363
19329 19192 14338
15490 15848 13566
5828 14073 8793
19205 6082 18861
13309 16205 16015
13911 13776 18871
15511 14714 17686
50 1138 13594
1836 16789 9533
18693 14738 16674
5269 11058 11883
16910 16225 18881
13938 1186 7503
5312 18037 15293
19209 15606 3353
1884 18652 17830
11575 16807 19609
18837 16485 19508
16568 19148 18641
15847 17804 11322
16927 18661 10216
12889 17817 4568
14181 17077 3398
1200 15869 19433
8589 6697 15707
15182 18492 19319
3027 19195 45
10997 16504 13218
4301 19237 19552
8004 11968 3443
19331 11091 14014
14415 7963 13247
15532 648 13276
15867 13440 10251
16586 11999 13622
11608 19283 18055
15887 6123 19325
9861 17264 17111
9897 7417 3488
8627 14099 19623
4345 18917 6806
15907 14762 7543
8665 13803 14754
16207 8001 11915
12919 8495 19214
3671 13830 17845
15204 4108 11355
12169 12588 19624
19355 1234 17860
19213 14125 4612
17408 8532 19438
18997 17622 2755
4389 7456 6092
13965 11520 19443
16944 7495 18265
3073 16825 19221
19333 4680 14364
16961 17636 4656
19004 15890 1862
16978 19239 17129
16226 15628 19331
19217 15911 18473
16245 17472 8337
100 18049 11388
12949 18924 18278
13715 19284 9569
19221 1282 16693
18845 8569 15729
3119 12030 18069
14207 2377 6134
9159 17830 14041
19011 12618 14390
17857 697 19448
12979 12648 745
18544 6737 95
19155 15146 19070
9196 15169 8830
8703 19071 19555
19225 9309 16036
10437 2423 16712
18554 11124 19078
8043 18229 145
18853 18931 17147
18861 6777 16731
13338 6164 18083
14952 4152 19086
4433 14786 17380
18702 15192 12363
19293 18805 8867
4477 9813 11947
5870 14810 10846
6500 19241 9605
1932 16843 19625
4521 16861 3533
18130 14489 1909
15553 12918 8904
9233 15932 18097
16604 14514 16750
8082 18502 19626
11641 9345 17875
8741 16523 19453
6541 17280 12828
10472 18512 17397
19335 7534 8941
14233 14151 19611
17870 8606 1956
18346 11157 13650
16622 13857 19228
6582 18522 1382
11674 16245 5404
17423 18938 18891
17883 12947 195
14440 7573 15751
9933 19198 19558
18142 15215 18485
19296 17094 14779
150 6205 18652
6623 12976 19512
12393 2469 18291
4565 17487 3578
19229 4723 15773
1249 6246 19337
11707 6287 6176
16264 16879 10286
6664 19113 3623
18564 17502 19343
19356 18532 19094
2651 2515 15316
3716 15650 16057
6705 4766 9641
18869 10548 3668
11740 17650 18497
18357 19243 3713
19095 18061 1430
8779 15238 4700
9270 16542 11979
1298 17111 19458
19101 14539 10321
16283 19285 9677
15226 13005 18663
16302 15261 18111
3761 12061 16078
14640 13884 2801
19018 1330 18509
1980 1378 12394
15927 18670 14068
5912 18945 14416
8817 18813 3758
14664 5411 10880
200 4809 17165
11773 14177 13305
17633 8643 17702
5954 18542 4744
17647 6817 10356
14975 7612 794
17216 17843 245
15248 1426 19235
5996 18821 16769
16995 3343 6218
12201 18829 18674
14259 13034 10914
19107 6857 12425
15947 2561 14804
16640 13063 14829
4609 2607 17414
12424 17664 16099
1347 18073 10391
6038 15284 17718
2698 16561 2847
2028 18240 7583
16658 19077 19516
250 13468 16788
9969 13911 18125
16676 2653 12858
13743 18952 3803
8121 1474 18139
9307 11190 10426
12455 16897 19627
17232 9848 8375
6746 9883 10461
8855 16265 15795
3165 19118 15053
19160 8039 4788
17012 18085 5447
14998 8077 14442
11031 18959 10948
3211 11223 295
16694 49 19349
18574 11552 19463
19357 18966 19561
9344 17128 15817
19233 6328 14095
18877 16285 16120
15967 15672 3848
17896 18097 19102
13367 13496 14854
10005 4852 6847
16712 13092 15077
3806 16305 10982
10041 18679 15339
6787 16915 5490
19237 18552 19110
13396 18973 16807
19241 18688 14122
19245 8680 6888
15021 19245 16141
18368 6369 6929
16730 3388 19242
15987 8115 9713
13992 14203 12011
19299 3433 6970
14465 8717 11016
300 18837 17183
6828 3478 11050
17438 16580 843
2076 15307 18685
3257 18251 7011
4653 19286 6260
4697 16933 19249
19358 8754 18971
350 9918 8413
5355 12092 8978
1396 19201 12043
12233 17517 14879
400 19083 17890
11806 18562 16162
15574 19152 3893
18584 12678 16435
3851 19287 7623
450 18980 6302
8160 19123 17905
18154 4196 9749
14019 7651 6344
10507 4240 19520
5398 6897 19118
18166 12123 6386
17453 13524 19628
17909 18262 17935
15595 11256 12888
18711 8791 9785
14490 2699 13678
18178 6937 2003
10542 18273 4832
17468 1522 15362
15270 15694 8103
2745 15330 18901
5441 19156 1478
17922 3523 19564
16748 3568 12918
6869 12154 18980
7484 18987 345
13771 19204 9821
13009 9953 11421
9381 1570 14149
1445 9988 16826
5484 17296 16845
16007 16599 12948
17248 14834 15385
16321 18845 15101
1494 14858 17201
14688 10582 17431
9418 6977 19629
18594 19128 12075
16766 2745 9857
18885 16951 18153
19025 11584 892
18190 1954 9015
19249 18994 11454
19359 14882 2893
3303 19288 16455
6910 19001 12107
17264 11289 9052
17661 16325 14468
19032 18284 19126
15044 11616 17219
17483 18109 16864
13039 2001 7052
500 18121 16883
18893 17312 18911
15292 9381 3938
10577 18697 8142
550 19289 5533
10077 16618 12139
1543 10023 19524
6951 16637 7093
2124 17145 14176
6080 4895 9089
19253 14906 9893
12265 10058 17920
17498 10616 4876
17513 7017 19630
18202 12708 16475
8893 17532 18989
12486 19160 13706
18379 4938 9929
12517 19207 3983
19360 6410 10496
15067 14564 11487
15314 12738 12978
18720 2791 6428
5527 15953 19468
11065 18706 11118
9455 9417 4920
18901 17678 5576
19337 7690 19473
8199 12185 16902
19339 8828 18304
18729 15716 13734
8931 17328 19478
19257 17856 11520
8238 4981 395
13425 5453 19483
17528 19290 2050
18604 18295 7663
19113 10093 13008
17675 7057 15408
2172 15974 13334
9492 15738 11553
15090 15995 17950
18738 9453 941
2220 14589 17734
17029 9489 18167
6992 19133 19142
5570 13552 14904
12548 2837 19256
17689 17162 990
19361 18853 19528
4741 19210 18317
18214 18861 11586
8277 11648 13038
13454 7097 1526
13799 19247 8451
17935 14930 18921
3349 13938 13363
4785 11680 445
9529 18306 17448
11839 19089 19567
10113 17547 0
13069 18133 17237
18390 6451 4028
15616 18317 11619
17703 13121 19532
13099 19008 9965
15637 17869 18521
16340 99 2097
16359 3613 2939
17046 16345 2144
17280 16656 15431
18614 8865 495
14046 746 17465
17948 2883 18181
10149 19249 18330
6122 10650 18343
14515 12216 18998
18401 8902 18533
16378 2048 18696
16784 4284 11652
18226 3658 15454
17543 4328 15839
10612 10128 7134
16397 17344 2191
16802 5495 18545
19039 16016 18707
4829 5537 16183
7524 9525 19631
18624 5579 19355
19362 13150 19134
17296 5024 18718
19341 14229 19361
4873 18715 19536
17717 8939 16495
13129 12247 10531
16416 14954 14494
8969 14978 19263
14540 19015 18931
14712 13965 16921
19165 7137 14520
13483 18869 5619
17312 18877 19570
17961 19213 18195
8316 15353 8489
7033 19216 14203
19343 19251 9126
5613 17562 7703
19119 10684 12456
19261 15376 17482
18747 19291 17499
600 14255 18209
15336 13179 17516
18909 0 8527
17558 8153 19270
2268 16675 19540
19046 5621 1039
19302 19022 12171
19053 8976 15477
18917 19138 18729
19305 18328 12487
17573 18572 4073
2792 13992 5662
2839 13580 5705
16027 18339 15861
18412 19219 19367
19345 6492 10566
9566 2929 15500
11872 7177 13762
19060 11712 13392
10185 19253 15883
18238 12278 4964
17731 18350 15905
7074 149 6470
7115 19292 1574
19308 13608 18740
18756 3703 1622
17974 17692 11685
17987 17360 12518
14073 19255 17965
3395 16037 5748
15658 11744 1088
18423 5663 8181
3441 9561 17980
17063 19257 15523
15113 19095 18356
7564 19029 13790
18000 16694 17750
13512 8191 19544
16435 18361 19150
14736 17706 19373
3896 17720 5008
13541 16058 19573
12579 10163 5052
19125 7217 13421
19363 12309 14230
7604 15760 19007
19311 13636 2985
650 15782 19379
11099 15399 9163
1592 18724 18223
14100 18582 10001
11133 11776 13450
16454 12768 18557
19067 9013 7175
12610 199 17533
5656 14281 4118
4917 18145 15125
11167 17577 18751
15358 18372 15927
18765 10718 17766
9603 8229 18762
18013 15002 14929
18925 18733 19488
700 10752 545
3941 249 13818
6164 2975 4163
750 18383 19158
19364 10786 14257
10221 12798 19385
19170 16365 12549
12641 9050 19166
14285 1618 17995
19074 3748 6512
4961 10820 19391
12672 17179 14954
13827 13208 17255
15679 15804 10037
18434 19222 19174
18933 4372 17550
18026 15026 6554
11905 18592 19576
3487 19036 13479
18774 14614 9200
19347 17882 19579
12703 19225 16940
18250 13664 2238
18039 7257 18569
17745 795 16959
14760 13237 19182
19265 10854 15546
16473 17592 6596
16820 16969 14546
2316 2095 2379
17080 19293 5096
18634 14307 5791
16492 3021 1670
13159 3067 19397
18445 11322 18010
8355 5067 2285
2364 19164 12203
5005 844 14572
11201 12340 7743
18783 5705 9237
10257 6533 1718
19314 3793 18369
19365 18394 18237
17097 5110 17567
15700 4416 18581
18644 2142 18382
3986 16713 16978
7156 3838 19493
6206 19101 1766
18052 16079 6638
18456 5747 16204
5049 5153 14979
14311 18405 18421
7197 7729 19403
9640 1666 16225
14127 3883 16997
10647 11808 10073
12734 19259 11084
11938 10198 15949
13189 18157 18941
10293 19294 4208
7238 14333 16515
17328 1714 19016
15380 17895 19582
11235 7768 19613
15136 19143 7783
19269 9087 18395
16047 19261 12580
7644 14019 2332
19366 19263 18951
16838 17908 16246
15721 9597 1137
18065 14639 15149
11971 12371 18408
14784 13692 14598
16511 3113 12611
13570 3159 2426
18078 9633 13846
4031 19295 10601
12004 18742 5834
15742 5196 19632
17114 16732 17584
17759 5789 16267
11269 17921 4253
19367 2189 17016
3533 2236 19277
18091 19168 19284
15763 11355 5140
13219 17934 2473
16530 18602 7216
17588 893 15569
11303 3928 13874
17773 15422 18773
17787 18885 3031
6248 15050 1186
9007 18416 18434
800 14046 6680
17801 19296 5184
6290 19265 12642
18941 19267 19615
17344 18751 19585
6332 19269 7823
19175 10233 15592
14808 15826 4298
17815 299 18784
2412 10268 19588
15402 15074 17782
18104 1762 595
850 18893 15615
14337 6574 6722
18949 3973 13902
18117 13720 13068
19368 14664 7863
2460 5831 18795
16856 10888 19291
10682 16987 10109
12765 17376 15173
7279 18901 9274
10329 19297 1814
900 9124 3077
16067 19043 5877
18467 2283 15197
1641 18760 16535
2508 3205 5920
17360 9669 5963
16874 14359 4343
5699 8267 6006
16892 18769 12235
19180 5239 19633
12796 349 16555
7684 18778 7903
13249 13295 19409
19131 17947 17798
14832 9161 19634
950 14689 9311
1000 18169 3123
19317 19298 9348
18957 19172 18593
10717 18612 19617
12297 11840 8565
17131 17392 15638
18654 8305 10636
13599 16751 18605
7724 17960 11152
19185 16385 19548
19273 10303 3169
17603 18427 19298
18262 9705 17035
14856 10338 10671
9045 17005 19190
19369 17408 15221
9677 18438 645
2886 7297 9385
17148 19271 4388
3579 9741 18025
19349 16100 19305
19081 7807 9422
18478 11388 11718
15784 16405 5228
19320 18622 17814
19323 399 19635
12037 19299 19591
5093 18449 16288
14880 13266 7257
19370 16121 11186
11337 12828 19415
4076 18181 12673
14904 10922 17601
17165 9198 3215
2933 17424 9459
19190 19176 19636
13628 15445 18806
18965 17607 15245
8394 4460 16575
10752 12402 17054
18664 5282 14284
5137 12433 12267
11371 19300 19594
4121 11872 18447
1050 18193 8220
17182 7337 18040
16087 18787 11220
10365 15468 13508
14363 15491 16309
9714 10956 14624
9083 17440 7298
19137 19180 19312
15805 17734 17273
5742 3251 15269
1690 17196 14650
8433 5873 5272
0 5325 14676
19277 12858 18817
8472 13324 19025
16107 449 14311
19371 12464 18251
9751 11421 14702
18973 17023 19619
7764 16425 19597
8511 18205 16595
7320 942 1235
10787 17213 5316
18674 7846 7943
1100 499 13930
11405 17748 18828
15159 16142 8603
16127 8343 17618
10822 17973 13098
7361 17041 19198
18274 18217 16330
19281 19228 19421
12827 16163 2520
13855 10373 16351
14389 17230 19600
12070 17762 7339
7804 5368 18617
11439 12888 10706
1150 18460 6764
15424 19184 8259
8550 7885 7983
7402 4504 19637
9121 549 12299
17829 4548 1284
10857 12495 18629
15826 18632 13537
10892 4018 10741
16147 6615 8023
19285 3297 12331
3625 18642 19034
6374 1810 17291
12329 15514 13128
13883 19273 15004
13279 15537 16372
14565 1858 1333
1739 16184 17073
16549 14385 11751
17618 8381 16393
13657 19050 17635
17376 4592 12704
10927 13748 16414
19143 16445 19621
2556 19301 3261
17199 19275 17309
18489 18471 8298
2980 15098 13158
16167 991 16615
13686 15560 7380
18981 14411 11784
7844 10408 19427
10962 17456 13958
16187 17986 13986
18286 17776 2567
15446 14437 15661
17843 5915 16635
18500 11904 14728
14154 17247 2614
18298 15122 4433
19372 6656 8063
18792 19277 695
4166 19188 13188
12858 14463 10145
4211 13353 19043
19351 11936 8641
19088 17999 17327
18801 12526 18839
19289 10443 17652
18511 5957 17092
11473 2330 8679
5181 19231 7421
5785 15583 11817
18989 18012 15971
19195 16465 6049
18310 8419 2661
5225 18796 11850
6416 13382 12735
12103 1040 12766
7884 17790 19603
6458 19279 19498
9788 19281 3307
17392 7924 11254
14590 17059 11288
12136 8457 18460
18522 11454 18850
18810 5999 15684
15468 9235 12797
7924 10990 19052
14928 4063 19061
19149 18909 19206
18322 16770 2708
14615 11487 9496
18334 19107 7462
10401 19234 10776
12361 10478 19606
19200 9777 17669
19326 13411 19503
4256 19057 15993
7443 12557 17345
18819 1089 5360
19373 11024 8717
7964 7377 8755
11507 9272 4478
19353 1906 19638
18533 10513 10811
18828 19064 4523
11541 4636 18961