25362
8002 9372 11514
24630 21867 11551
23584 23623 22827
22454 6915 5871
23968 998 24636
25087 24598 14866
23596 23791 22475
16646 22617 4701
9986 23125 21480
13868 24332 14898
4510 22209 18291
24166 5883 3597
24176 21885 24935
16675 25229 3643
12314 23635 9321
24840 25042 23853
24972 1684 20920
18013 20643 24324
5476 22226 24941
5521 15237 11588
5566 9411 23247
22470 18221 22491
15956 21063 12902
13901 4366 20563
22742 18663 24947
8043 14469 23865
15398 16954 5915
22757 14501 2892
24502 25230 12937
19362 13465 4746
20586 16982 3689
25091 20093 11096
23233 24766 24644
15986 16403 25225
1097 23802 11625
15429 20664 3735
20922 21903 19664
4556 17010 20101
13934 13974 24788
24637 19313 20123
18526 18688 24474
24186 24605 16808
1146 19817 5959
20607 17038 3781
18812 25126 18317
23246 23363 6003
11846 21083 12972
22486 16432 19687
47 25231 7660
8084 23647 13497
7330 21563 20145
24510 19337 17805
20942 16461 15410
16016 25232 14930
8986 21103 7015
22967 25129 24795
18040 23376 24953
13967 11836 10121
25159 24922 22186
3382 24927 11134
25162 4411 18343
24196 21123 12254
17313 5926 4791
25258 16043 17832
18837 16490 19160
3429 5969 1980
23608 19840 22507
6151 2644 4836
14726 21143 4881
21422 21163 22842
24644 5311 20584
24206 14533 8542
22046 24341 4926
6195 20115 25153
16046 24022 17859
25216 16519 11172
8125 14565 17301
19818 3584 25157
22981 23813 13007
18067 22825 23261
23620 16548 23275
11143 20137 24334
25218 24612 19710
24216 24932 25073
23632 10763 19184
6239 19863 22857
21441 1047 15968
18094 20159 24802
9026 22633 14962
19841 23139 22203
3476 21921 25161
1195 21582 1000
1244 24032 14041
12349 19886 25078
97 25233 25300
6283 21939 18369
25259 22243 4971
9066 22260 15441
8166 18713 22220
23259 8532 3827
7372 20181 16837
25095 15268 25083
24977 22840 22872
17341 24042 11662
2518 17654 14074
16704 4456 18785
5611 24052 19208
3523 11872 5016
9106 24772 12290
25260 1096 14994
16733 10800 24809
16076 25046 24652
25165 20203 5061
24226 24619 25228
24518 10837 24816
15460 17066 2939
12384 19361 10160
16762 48 20167
24526 8572 21499
12419 23659 20940
20962 1145 11210
18552 16577 15998
25168 16073 25342
25261 20225 17329
3570 23153 17886
19864 12520 7702
10649 21957 7744
23979 8612 17357
14000 2691 16028
19887 24626 25231
8207 1194 16866
24236 24633 23541
23272 25189 9361
22995 20685 20960
24376 4501 22237
9146 1732 10199
22063 24778 25343
14758 6012 21518
25171 17681 6047
3617 18247 13531
25262 7671 23289
23990 19909 2986
24651 25191 14107
19386 7712 13565
22080 12555 16895
147 12590 17913
23009 20706 23554
20982 12625 10238
4602 24062 20605
19410 24072 24093
15491 7753 25302
19434 23167 13599
19458 24082 20980
9186 4546 7058
24658 12660 23877
3664 10874 17385
11882 24494 9401
24385 17708 19733
10025 3630 9441
14790 22277 1049
25263 25193 21000
10064 7794 24959
197 23671 15472
6327 24640 5106
13154 24502 22523
25220 3676 3873
23023 24937 23303
8248 21601 23317
22772 24784 19232
24846 16103 22887
5656 6055 11699
11918 18738 8583
16791 6098 19756
24852 22855 8624
11954 25050 1098
10103 21620 3033
22097 25054 21020
8289 6957 21040
9226 14597 16058
22114 22870 23331
18862 6141 25165
20628 20247 25088
23644 18763 7786
25264 22649 23567
1293 21183 25234
18887 17735 22539
17369 12695 19779
18121 17762 2028
24858 16606 22902
24982 10911 17940
22502 24942 24823
19910 1780 5151
17397 24947 16088
24001 98 20189
23037 23181 22254
24864 25195 8665
22787 7835 19802
15522 19385 1147
16820 20727 22917
2566 6184 17413
18578 11908 24965
13188 10948 25304
4648 148 21898
6371 23195 25169
23285 198 3080
6415 24092 13042
23298 248 16118
24870 21975 18395
23656 25197 25306
9266 24510 12326
5701 21993 24104
21002 16635 25308
23668 24647 18810
24246 25199 19825
19933 13499 25093
23680 6227 24483
23692 18273 23345
6459 7876 17441
13222 15299 11736
17425 12730 17967
8330 10269 22932
1342 22665 24830
247 9450 11248
10687 3722 24837
7414 10307 13633
12454 15330 1196
1391 16133 50
16849 24952 25310
14822 6270 17469
21022 21639 25312
18912 15361 15026
11180 298 25314
12489 5355 9481
10725 25234 100
4694 8652 20211
21042 9489 22947
3711 20748 13077
2614 17094 6091
8371 1243 15503
10763 7917 24344
12524 6313 7101
3758 24102 5196
1440 17789 24115
7456 24790 6135
23704 21203 23580
297 25058 10277
24256 1292 17497
4740 17122 21916
13256 5399 24126
22518 16163 9521
16106 23824 12362
25265 6356 24844
17453 2738 14140
14854 9528 5241
4786 348 24492
24012 15392 21537
21650 20269 13112
25222 10345 20626
19956 15423 12398
24876 18299 17525
24665 1828 23593
20278 14629 12434
9306 18788 16148
24266 13533 6179
24534 25201 24501
11217 23209 17553
24672 18813 13147
19979 11944 19256
12559 22294 3127
17481 24796 3919
24679 10985 25173
18937 24518 150
22534 11022 24510
12594 10383 3965
22802 25062 22271
9346 2785 7828
19482 15454 25344
20649 1876 24137
22550 22681 21060
19506 14661 21556
347 24526 13182
23311 25203 21575
20300 21658 7144
13290 22311 15534
11254 24654 2076
24686 18325 24148
18148 2832 23359
13324 7958 21594
23324 22885 23373
25224 20291 24159
25226 24661 20233
18175 20769 20647
397 19409 17994
22817 11980 25177
15553 24112 23387
24987 24802 25237
6503 23835 22962
9386 20313 23889
3805 20790 200
11990 24122 22555
6547 20335 22571
18202 24808 13667
24693 25132 25345
22832 21223 18835
15584 24814 19848
447 17150 25240
20002 11059 23401
13358 11096 24971
13392 4591 18421
24992 7999 21613
20670 17178 19280
24023 22900 21632
14886 17816 22587
19530 1341 23901
18962 16193 9561
24700 4636 25243
14918 25205 5286
10142 24820 1245
17509 24826 1294
22131 24668 13701
24882 19433 3174
17537 6999 19304
12629 20357 16178
20322 19457 20668
2662 4681 25181
25174 20811 10316
23716 23389 22603
21062 7041 250
24997 4726 4011
24034 25135 25185
2710 14693 22977
9426 23223 24354
10181 24350 300
4832 22011 24851
17565 13941 18447
1489 13567 25346
18987 8692 25246
23728 19932 11773
16878 19955 6223
10801 20379 8706
19554 24359 22992
8412 25207 22619
22148 24534 5331
24707 25138 13735
4878 19978 6267
10220 8040 11810
22165 24368 16924
16136 10421 24519
3852 24832 22635
25266 21677 1343
14033 8732 11847
16166 9567 21651
18604 23683 25189
23051 12765 24977
1538 15485 2124
24045 12016 14173
15615 23402 24170
25267 18838 21080
23740 2879 8747
21082 8081 25193
3899 23415 24528
21102 10459 24181
23752 14007 10355
22566 23237 22288
21460 11133 19328
6591 24377 25316
23764 22915 16208
14950 14725 24660
15646 25141 11286
7498 24132 21100
23337 14040 24537
23776 7083 25197
23788 22930 8788
8453 22945 5376
14982 18351 25347
22182 18863 18021
25002 9606 24364
7540 25209 23007
24056 24675 20689
8494 1924 23913
3946 23695 10394
5746 6399 7187
24276 24957 23925
1587 23846 19352
22582 22328 24192
16907 19481 24374
6943 17206 20710
23800 21696 23415
11291 14073 350
15677 21243 21670
17593 22697 24546
24714 8772 18473
1636 24838 18048
25007 22345 21120
23812 12052 10433
24721 22029 14206
12026 16664 6311
1685 8122 20255
5791 16223 11324
24728 23707 19871
17621 18888 3221
10839 19505 1392
7582 17843 14239
20025 24682 1441
25177 3768 10472
16196 25211 15565
16936 13601 20277
14066 20001 8829
12062 22713 23606
21668 23428 2172
19012 24142 23619
4924 16253 11884
9466 24689 16238
5836 11170 25348
16226 15516 23937
25228 12088 16268
4970 5443 18499
5881 12800 21934
16256 9645 13217
21479 14757 24203
10877 1390 16298
11328 18377 7870
8535 21263 24668
21686 12835 21140
13426 25144 16953
22199 15547 16982
17649 17870 25098
17677 24844 24983
24394 24152 21689
11365 25147 21160
15708 24962 25349
21704 4771 10511
20344 12870 21708
21122 22362 2220
25099 22960 8870
19037 6442 24214
8576 25213 17011
23350 20401 5421
1734 25215 14272
2758 24967 24676
20048 3814 14305
11402 9684 4057
22216 17234 23429
21142 24386 15058
14099 24696 23949
16965 20423 24555
24067 10497 21180
23363 22379 21200
8617 3860 19376
20366 1972 24684
17705 8163 24692
23824 6485 24564
7624 19529 22651
21722 12905 17581
6635 5487 24700
14132 6528 11362
21740 12124 9601
10259 2020 13252
15014 24850 18860
24735 2926 25103
19578 11207 18885
497 21283 25108
20691 22729 11921
17733 14789 23022
9506 21715 19894
16286 23857 10550
21162 21303 17609
25230 4816 10589
24403 18403 7230
14165 1439 14338
12098 7125 22305
20712 22975 22667
23065 21323 15596
18229 21343 20299
21182 22047 2268
25012 8812 8911
21498 23719 400
9546 7167 24708
12664 14821 25350
8658 21363 22322
21758 21734 15627
10298 12160 24225
24888 2973 23443
7666 24972 23632
23836 24162 1490
24286 9723 21952
14198 25235 20731
16316 24977 24384
23848 9762 9641
25103 25066 24716
25180 9801 8952
1783 7209 1539
16994 23868 25318
3993 23441 11958
17761 24395 24989
19062 1488 25320
10915 2068 25249
4040 11244 7912
21776 24172 25113
21794 15578 4103
547 21753 12470
23079 18913 5466
19087 3906 14371
24296 25236 18525
22598 3952 15090
24742 13635 13287
16346 24982 25351
24412 12940 20321
25107 14853 24236
22847 11281 23037
20733 1537 24995
5016 25070 4149
5062 7251 25118
25232 20832 19400
24306 7293 21970
24542 12975 22339
1832 7335 25322
21202 18429 20343
22862 23251 25252
23376 23879 24573
12699 22990 21988
24894 6571 23961
22614 11318 23973
11439 7377 2316
21222 20445 18910
17789 25237 18551
20754 13669 25001
20071 21383 2364
24421 4861 19424
19112 24182 450
23093 398 15122
22233 3020 23645
5108 5531 7273
23389 22396 20752
20388 18455 18935
24316 15609 7954
0 22065 20365
17817 22413 24858
9586 20467 5511
24078 12196 16328
17023 17897 21220
21517 4906 24724
25017 7419 17040
2806 18938 22356
10337 23454 16358
24900 8852 24732
11476 2116 16388
24749 12232 24247
15046 25150 21240
22877 1586 24865
15078 3998 7316
1881 16693 21727
24089 24404 13322
1930 25153 25123
5926 11355 15658
14231 12268 22683
8699 17924 14404
19137 5575 25007
24550 14885 9681
24100 17262 18960
19162 12304 25255
25111 15640 2412
22250 18481 18075
23107 17951 8993
23860 10535 9034
11513 5619 20773
14264 18963 15689
25115 14106 9721
6986 24192 24258
24430 8204 25324
17052 25074 13357
13460 21403 7996
24326 20024 500
12734 17978 23658
5154 16722 23671
10953 4044 24872
25183 25156 24740
25234 19553 19917
20094 18507 17637
2854 25217 6355
25119 8892 15720
8740 20853 24879
24558 20489 9761
24566 13010 20387
25268 18533 4195
8781 23005 6399
14297 19577 19940
12769 4951 550
21812 20874 5556
12134 11392 5601
25186 24202 24269
10991 23731 23684
5200 25159 23052
24906 19601 22699
7029 15671 24280
25022 18559 22006
1979 9840 25258
597 24987 4241
21536 20511 7359
647 11429 25261
17081 24542 24394
10376 448 19448
9626 9879 5646
11550 25219 25128
24574 20895 25201
12804 13703 22373
18630 14917 23985
22267 25162 3268
14330 25078 5691
22284 24212 22715
25123 23743 17069
24756 19625 22024
20410 24856 23997
2902 25221 23067
18256 24703 25264
17845 23467 12506
18283 14139 11400
20432 25082 23697
11587 11466 17098
21830 22745 14437
21555 14172 6443
17110 3067 0
11624 24413 14470
15739 12340 17665
23121 10573 24886
697 13045 4287
22301 19649 600
2950 18988 23710
20775 4090 21260
18310 7461 9801
18656 6614 25013
19602 24422 9841
13494 23480 21280
11661 23020 19472
9666 16283 1588
12170 13737 6487
5971 24862 25267
23135 21772 23082
13528 16751 9881
15110 2164 7402
24763 25165 21746
24912 20916 14503
25027 24868 10628
24770 14205 23457
20117 19013 22731
23402 13080 6531
25127 17290 24582
21574 10611 21765
17873 19673 8038
23415 25086 18985
15770 13115 25326
23872 10649 24893
14363 9918 15751
21242 2212 24291
6679 19038 19010
15801 11503 25133
15832 13150 25352
20796 23890 23723
21262 24992 16418
25032 2260 9075
10415 3114 16448
24111 23901 4333
6016 13185 21300
23884 17318 24748
25236 24550 8080
19187 3161 16478
24439 16780 1637
25189 22430 15154
21593 24997 23736
24918 24710 25205
12839 24874 25209
25037 4136 25213
13562 17346 17127
25269 2308 13769
25042 498 11995
7708 15702 21320
20454 8932 12032
6061 13220 6575
23428 24431 14536
18337 7503 22042
14396 3208 14569
4087 548 9921
10454 21791 22060
7072 4996 6619
7115 13255 24591
21848 7545 21784
4134 25002 10667
21866 10687 24404
23896 22447 15186
21612 11540 22078
7158 20937 12542
21884 24880 12069
13596 19063 18102
15863 24222 15218
15142 25168 8122
24924 3255 22747
22318 16809 13392
20817 23265 6663
5246 17374 24900
23908 23923 18577
10493 21810 25019
17901 23912 21340
23441 22464 19035
25131 24886 1686
14429 23934 3315
13630 25007 16508
25270 6657 24600
2998 24892 7445
20476 25223 22390
25238 23035 18129
2028 20047 8164
22335 24898 10706
747 598 23471
18364 5041 23749
12206 23493 25328
4181 5086 16538
24930 25012 21803
22352 23945 15782
25047 2356 650
14462 25238 23762
7201 14238 8206
19626 20533 10745
24448 25017 4379
12874 8972 19963
23454 21423 15250
18391 21443 17156
21902 1635 20794
19650 5663 9116
11698 16838 22763
18418 25022 21360
25135 15733 15282
2077 9012 23775
19674 17402 25270
25271 25090 24414
3046 16867 25273
23149 16313 12578
25272 19088 21380
15174 19113 24424
22369 9957 10784
20498 5707 11438
12909 25171 2460
24777 14949 2508
24784 25027 8248
13664 22481 13803
21920 14271 6707
21938 24232 20409
24582 8245 17693
12944 25094 20815
22892 22498 22779
18682 3302 24434
24122 21463 13427
24936 4182 24756
15206 9052 20836
23920 2404 5736
24942 3349 18603
7750 24904 25353
25240 22515 700
4228 20555 7488
20838 4228 21822
9706 9996 25330
5292 22532 9157
13698 24717 16568
2126 5751 19986
23467 17430 20431
11029 25098 25354
7244 19138 3362
24336 23279 23485
17139 15764 4425
17168 22083 15813
25242 25174 24609
19212 18005 13837
22907 23293 12106
25244 648 4471
15238 23050 23788
20140 14981 25217
23480 23956 20857
18708 23755 18629
25052 15795 24444
23163 25102 9961
15270 25177 23097
4275 18032 22407
16376 15013 20453
25192 12376 23499
24457 6700 24764
24791 12412 25025
23932 20577 18655
25273 24910 21400
797 24242 24302
20520 11577 24454
4322 20599 4517
9746 698 12614
25139 19697 25355
20163 17458 22096
19237 18059 20009
2175 17486 1735
24346 24916 17185
7792 9092 23112
16406 17514 24907
17197 15826 10001
20859 20070 19496
20542 23767 6751
25195 21829 17214
8822 20621 750
22386 23779 22795
22922 24558 7531
3094 24252 20032
21956 23506 24772
20186 24440 23513
25057 5131 8290
6723 11614 2556
25062 23519 17243
16436 15045 13871
16466 8286 15314
24590 12448 14602
847 22549 19520
6767 25106 14635
23493 25032 10041
14495 25110 24914
11735 18086 24780
24356 3396 9198
11067 18585 1784
7834 18113 12650
13732 21483 25031
4369 20958 25356
19698 24262 23801
10532 23307 18156
25246 11651 20475
12979 14304 1833
14528 15857 14668
23177 22101 25037
6811 24272 18681
21974 17542 25332
6855 19163 24009
10571 6743 21420
9786 25037 22811
21992 24724 24618
6899 23065 21440
9826 6786 24021
17226 5176 20497
11772 10035 5781
21282 23532 18183
19722 25239 25043
3142 24282 19544
21302 4274 8332
24798 24566 23127
6106 13290 9239
14561 19188 25138
25248 15888 13905
24133 7587 19568
25067 23967 16598
22630 24292 18210
13766 9132 13939
15302 9172 17272
897 15077 6795
23506 22119 6839
15334 2452 25049
18445 17570 24033
21322 13325 24627
4416 24302 24313
19746 22761 6883
23519 19213 25357
19262 13360 14701
23944 13395 15844
21342 19721 25276
25198 24731 9280
23532 25180 25358
19287 13771 25334
24466 23080 12686
947 22566 22114
5338 23545 21460
25250 21848 15875
11809 14337 17721
24366 5221 24045
7876 21503 4563
25143 16896 25359
13014 15109 800
14594 19745 2604
15894 10074 23142
19770 23978 13973
24805 8327 25279
25201 748 17749
20209 22777 18707
23191 24312 7574
7918 5795 850
15366 18140 22424
21362 23989 16628
24812 25240 19592
18734 24449 14734
21382 6829 24057
24144 798 14767
22403 22137 23814
3190 4320 18237
16496 18167 16658
21402 23558 19060
13800 15141 18264
25274 24458 22132
18472 15919 24464
7960 22155 12722
5384 10113 23827
23545 13805 25282
17255 17598 2652
2224 15950 23527
9866 11688 10823
23558 16925 20055
25147 24574 15346
24598 11725 7617
18499 18194 24069
19312 14370 12143
24606 9212 14800
15925 25114 25285
2273 848 8374
8863 19769 25336
24948 11762 25055
24954 24467 15378
18760 19238 8416
22646 25241 23157
16526 3443 16688
20880 8368 23172
18786 22793 22441
25204 21523 23187
22010 15173 21841
20901 24738 25288
22028 18611 1882
24960 18637 20878
4463 24000 2700
24475 25225 12180
11105 24745 25360
23205 10725 2748
19337 2500 2796
25252 22173 5826
9906 24476 900
17929 15981 25143
12242 10152 18733
19794 898 1931
25254 20979 14833
13049 22583 25221
20232 24011 4609
13834 11799 3409
3238 23095 17777
13084 25118 22150
14627 25183 3456
22420 15205 19085
25207 22191 19110
12278 21000 12758
17957 21543 25291
24966 9252 25294
8904 0 22458
9946 25122 25297
24819 19263 12794
25275 25242 6927
21631 13839 25338
24484 23110 11476
2322 16343 25061
25151 17626 20519
25210 23571 4655
25155 7629 14007
22662 19288 950
22437 16012 2844
17985 2548 20541
3286 16373 20078
25276 24752 10862
16556 5839 16718
997 14403 21860
2371 25186 16748
13119 13873 21879
1047 3490 25067
24493 24582 25361
25072 6872 10901
22937 13430 16778
22678 21021 6971
22694 9292 12830
16586 12484 3503
22710 2596 10940
25213 10191 19135
14660 23321 23840
23956 23584 10081
3334 3537 22168
10610 24322 19616
25077 13907 23202
2420 948 19640
25082 23335 15906
24614 22809 20899
22952 21042 13462
16616 8409 25148
23219 8450 24921
24826 24759 10979
5430 25227 25340
20564 23597 11018
7287 5266 3550
24155 19793 23217
25256 24590 23232
23571 25243 24928
24622 9332 8458
24833 23610 12866
20255 14436 8500
8945 24485 24081
22726 23349 11057
14693 8491 18759
17284 10230 12217
2469 22600 15937