25308
22187 19647 25296
14681 23432 25252
23574 18636 24336
13483 11695 25115
20173 7770 22436
22201 22825 22079
8872 22838 19725
18373 20724 15132
1029 21484 2445
24335 22573 25020
10030 4250 20560
10067 8610 14093
24225 15977 15690
23134 23443 25025
10104 22587 16260
22215 7810 4452
24527 14112 22452
24431 4954 17014
24117 24284 14126
5454 19164 25254
21690 24291 23058
2361 23454 22096
13515 23465 15163
24230 13386 17042
24497 10343 18230
18877 24633 17798
15431 16006 878
24339 22043 14159
4134 22059 12884
24235 11083 25195
23145 11730 12236
18900 41 22788
23583 22601 24345
2407 580 21737
24434 24452 18620
10141 23908 10402
14123 21502 17070
16069 10380 45
23998 13419 22803
17798 9507 14588
24343 24637 25256
24347 4997 7597
11379 21520 4496
24528 24641 18256
24123 1300 11200
12757 21754 25198
16685 17640 7638
20899 4294 94
14154 1347 22113
13547 24721 15194
23156 20241 8704
5497 21771 24570
22635 16673 22818
14185 11119 17825
10659 19669 8744
12790 23917 17098
23592 22075 143
6271 22091 25119
24437 2334 23366
24351 13452 1646
14711 13485 15225
4178 20744 24166
10178 1394 19245
24499 15407 7679
17252 16701 17126
24129 1441 24578
22648 8649 25030
49 10417 18645
9574 21104 12919
19337 90 6715
20193 24724 15256
24440 12570 16289
7489 16035 24586
10695 24837 11237
24443 5040 25123
4222 7850 21755
8911 18660 23979
12009 2427 16318
24446 21538 21300
22661 15437 24924
12823 19187 21319
12856 11765 21773
14741 24805 25258
14771 18684 24594
17823 21123 15720
98 22363 14620
15460 21556 20980
13579 22107 25260
18397 20262 25201
22882 18708 21338
23790 9545 3687
24240 11155 16347
6313 9583 14192
18421 5986 22833
10215 5083 192
12889 11800 21357
4266 6868 24602
15489 14880 23379
23167 16064 15287
21706 20764 1693
9612 24548 12954
22894 22851 23392
20213 5126 926
10252 139 974
16097 18732 18282
23798 18186 17154
22229 20283 9544
2453 24838 22130
23601 21142 8784
24449 21788 24176
17848 24839 24354
21722 1488 18670
24135 17289 21376
11414 24727 9583
11449 24730 7720
6355 4338 6757
24501 23718 8824
19711 20784 12989
21962 16093 18695
20633 13518 1740
20917 23926 24930
10731 16729 1022
6397 23935 24186
10289 16757 12272
22674 4382 18720
24245 188 22468
12043 1535 24610
6439 7890 7761
17873 8688 24196
24005 2473 25262
24503 10454 12308
19359 17666 25264
10767 8727 4540
20935 17692 24206
19732 11191 10440
147 14144 14652
11484 23228 24826
24529 10491 13024
22243 21805 22484
19381 20304 2491
21977 22615 241
22906 24807 22147
5540 14176 25297
24505 24733 24618
24141 5169 2537
12922 23944 20581
196 24736 15318
19403 11227 17182
16712 24553 23405
10326 5212 13059
13611 3485 22164
16739 17316 23418
1077 22378 13549
15518 16122 1787
19753 6028 18745
15547 24124 20602
20233 19691 19269
4310 22629 14225
23806 24132 17210
20652 23953 24626
24530 3530 25035
21738 19713 23691
22687 17343 16376
19425 19210 17238
3189 16151 13094
23814 21574 24216
10803 6070 25266
5583 9621 22500
17898 12604 16405
10363 24558 290
14801 5255 23072
24507 18756 24363
12955 23240 23086
21367 24298 6799
14216 14272 25040
19774 20804 21791
19447 11263 24372
23354 20824 4584
4354 2519 18770
6481 11835 21395
8432 22393 2583
2499 16180 13583
18445 17718 24381
15576 1582 16434
14247 16785 2629
16766 12638 21000
3234 9659 25127
23178 5298 2675
4398 16209 22181
17923 24140 1070
23189 11299 8864
20671 21822 14684
14831 1629 10478
20953 22408 2721
23822 17370 24634
14278 23476 21020
20253 23728 23100
5626 24148 25268
13643 14208 16463
14309 20844 22516
17278 14240 15349
17304 24563 5640
4442 20325 3732
10839 16238 15750
22700 8766 16492
18923 15467 339
24147 23487 10516
24531 24156 23990
15605 7930 22198
12077 17744 5683
15634 24809 21414
1125 15497 24642
1797 628 8904
16793 24645 24650
21992 11870 19748
11519 1676 23431
22918 2565 21433
24012 19233 22848
17948 17770 11274
24355 24568 15380
19469 19735 6841
17330 10528 10592
17973 19256 19293
12988 21839 23114
17998 24458 5726
19795 14911 24658
245 22864 12344
2545 3575 21040
4486 21161 13129
23830 22877 14716
11554 23738 22215
24509 10565 11311
23610 23498 4628
21754 24164 15411
22930 23748 17852
1844 6909 14258
20971 2611 24390
24452 10602 5769
18469 14304 24666
18493 23509 25270
6523 9697 21452
18517 6950 21060
20273 22643 23444
14861 2657 24226
22257 11335 25298
23838 24811 22532
21384 7970 14291
18946 8010 25272
23846 17397 23457
17356 18211 18308
15663 24649 25274
5669 12672 24936
4530 24653 24833
13021 18236 1118
14891 11905 21471
24455 19757 388
20989 23962 14748
5712 22123 23128
24458 2703 24840
2591 24840 17879
3279 23758 21809
21007 22890 10554
14340 12706 23703
22942 24464 24399
24532 22423 13617
24533 13551 23142
24511 24172 24942
23619 2749 21490
8472 14942 17906
6565 17424 9622
23364 24739 18334
24153 22903 18360
10875 16813 11348
24513 9735 19317
24159 19279 10630
18969 19779 22232
17382 2795 4672
24359 8050 6883
21401 1723 23715
6607 20346 24948
10911 19302 24236
18541 18261 24408
3324 12740 1166
15692 22139 24246
6649 24305 22863
18023 1770 14780
21025 15527 3777
21770 14336 18795
4574 15557 20208
11589 23971 21827
1891 13584 18820
13675 13617 9661
22271 11371 24954
10400 11940 437
18048 16841 23727
0 18780 25204
15721 2841 2767
1173 676 15780
3369 24573 24256
23854 21180 21509
3414 6991 11385
24250 24742 24266
6691 3620 25131
20293 23252 20230
13054 4426 22878
23862 724 20252
22954 20367 13651
23374 17796 17266
18073 3665 14812
3459 22916 17933
22007 22657 24960
14371 19801 22893
24165 16267 24966
23628 6112 23156
24461 21592 23470
1221 20388 22548
5755 23980 2813
13087 24312 13164
17408 9773 1834
22285 14368 25135
22966 24657 3822
24019 9811 24001
14921 15587 22249
19491 20409 16521
6733 23989 14324
20313 20430 5812
23200 21199 486
8950 13650 11422
21043 18804 15442
24171 24180 19771
23637 20864 23483
21061 24578 9700
13120 24813 24276
23870 9849 25299
6775 18286 10668
11624 22155 20274
20690 772 18845
23878 16296 20623
24464 20884 17960
19816 22929 22564
10947 22942 25276
23211 13683 11459
7530 20451 15810
16820 10639 23496
19837 17822 1214
23222 14400 15473
23886 19823 4716
4618 24661 25207
23894 21218 9739
18992 8805 15504
5798 11975 24012
22978 15617 13199
6817 23998 5855
22299 19325 25300
10983 6154 24674
23384 22671 11496
24363 11407 21845
8989 24583 25278
17434 18828 11533
23233 21237 22266
21786 23768 25301
24534 7032 19341
16847 21856 22580
20333 20472 7802
5841 20904 23739
24026 22955 535
12111 1817 14357
24367 8844 10706
15750 9887 23751
12145 9925 11570
16874 237 15840
18098 18311 13685
14951 22685 24023
6859 19845 23763
13707 24745 16550
23394 820 7843
4662 16325 25139
18123 18336 3867
11019 8883 10744
14981 22968 20644
3504 6196 25210
14402 14973 23775
9650 1864 25045
23646 19348 13719
24371 10676 21080
3549 16869 4760
24255 19867 24972
11659 24470 16579
24033 24188 11607
22313 21873 19794
18565 13716 10782
13739 4470 584
20709 12010 21100
15011 15066 15535
15041 16354 13753
15779 23778 23170
22713 7073 11644
22327 22699 22908
21418 17848 25213
16125 10713 25280
23655 16897 24034
1938 20493 11681
5884 8090 2859
21802 286 9778
16153 8130 25143
24040 12045 24682
15071 335 23787
21079 3710 6925
294 14432 6967
18589 24665 23799
24177 14464 25050
16181 18361 24847
2637 23264 24417
22990 19889 23811
23902 5341 17294
19015 22713 25055
20728 12774 21863
23002 6238 1262
19038 12808 15870
18613 16925 1881
23404 8170 21881
4706 2887 25216
16901 8922 23823
1985 24748 19365
13771 22171 15900
24535 24815 23184
21097 11443 17322
7571 868 16608
23014 8961 25282
9028 7114 20665
9688 24751 7884
343 14496 9817
4750 10750 18386
15808 22187 20296
21818 19371 22923
14433 24476 15566
4794 21890 1928
12179 12842 23198
8512 24841 24978
23414 22981 10820
23424 22438 25060
18148 6280 20686
19513 916 17350
22341 23520 633
21435 23531 23212
22355 15004 12380
20353 23788 25302
6901 22994 16637
2683 12080 18412
17460 15647 16666
18637 19394 25219
16209 6322 24045
16928 20514 17378
24260 15035 12416
22369 21907 23835
21452 9963 12452
11055 4514 15597
20747 17874 9856
15837 24817 19389
4838 24754 25065
13803 15097 11718
22022 24757 13234
22726 21256 12488
4882 16953 24286
16237 24196 22938
24467 17451 19413
24047 24204 18438
19858 4558 22953
15101 12115 1975
23434 9000 17406
21469 5384 1310
4926 19417 2905
5927 23542 19817
9067 12150 18870
17486 12876 21528
9106 12185 13787
19061 2933 3912
22037 24588 24854
21115 16383 9895
24375 10001 17434
2729 21610 11755
24470 7155 19840
23664 16981 2951
9145 3755 20318
23026 22453 11792
2775 17478 22968
18661 4602 4804
17512 11479 7009
19879 23798 23226
23244 24007 7925
16265 24669 22283
2032 23553 24056
6943 4646 7051
9184 15128 7966
24054 24482 18895
18173 22468 7093
16293 13749 2997
19535 23564 23509
24183 2979 25222
23910 24673 23522
17538 17009 5898
18685 24488 24426
23918 23808 7135
5970 10039 10858
19557 6364 14844
15131 24760 15930
24189 20924 25303
14464 3800 8007
21133 24763 24690
3594 3845 17462
22052 18852 10896
23673 11515 17490
24473 6406 5941
24536 12220 23847
22739 23007 19863
12213 24319 25147
15161 15221 21899
7612 23020 25304
15191 8210 25284
15866 15159 8048
7653 384 24435
20766 23575 21120
9726 21924 15960
23255 17900 12524
6985 24842 24861
1269 24494 5984
3639 17926 6027
10437 964 16695
14495 10787 22300
19900 24212 9934
23038 24766 10934
23682 17037 4848
18198 4690 18920
24537 21275 24698
18709 22727 25151
21151 23033 24706
16321 18876 9973
23444 11551 20340
23454 21294 21547
3684 13782 8089
2821 23818 13821
392 21628 23240
23926 24326 20707
18733 23828 6070
19084 22203 24984
24265 3890 17518
10474 23046 14390
18223 17952 17546
13153 8250 22596
13186 24843 25155
24270 24333 13855
21169 14528 17987
23266 18900 23282
22383 24819 13889
13219 13815 3043
7694 8290 22317
15895 16412 24067
24476 17978 20728
16955 24016 7177
24379 24769 17574
12247 24340 2022
18757 7196 24078
6013 15190 10012
9223 18004 18945
10511 10824 25159
24275 15677 7219
3729 21941 10972
21187 23059 16724
19921 24025 21566
23277 12910 15990
12281 21313 20362
7027 22483 16020
7069 3935 18970
8552 24677 21140
441 19911 14423
7735 24681 14456
23691 10861 10051
22067 24844 18014
16349 23276 6113
23700 18386 11010
17564 10077 21917
2867 3025 8944
22082 12255 10090
13835 12290 682
8592 14560 24444
19579 24347 16050
7776 24220 23535
13252 24228 21935
15221 24821 23254
24479 1911 20384
4970 23586 6156
7817 24034 10129
19107 3071 24089
22397 22219 4892
21486 8330 22612
14526 7237 24868
7858 18411 23268
23709 23288 20406
5014 10898 20749
14557 24685 14876
24538 15707 18464
19942 13848 14908
18248 23597 16080
2913 23608 21585
23050 21958 13923
16982 24772 23859
14588 12325 11829
12315 10115 21953
11694 21332 12560
3774 19440 7261
13285 20944 8130
17009 21351 21160
7899 24823 19886
490 15252 6199
19130 24354 22628
21205 0 17602
24482 24361 22644
539 9039 18041
22097 15737 10168
22411 21646 22334
21834 23300 21180
20785 9078 3957
11091 24689 7303
17590 17505 6242
3819 22741 4002
19963 12360 2069
19153 13881 24453
9764 11587 24100
7940 24845 18490
24195 21370 24714
24280 19463 1358
24383 5427 2116
21503 5470 21971
20373 14592 25225
18273 1012 8171
7981 20964 19437
22752 18924 1406
15251 22235 22351
5058 14624 8984
24515 24593 15628
23464 22498 21200
24285 12944 13957
7111 24043 21989
7153 14656 24296
12349 24598 4047
7195 17065 25305
5102 24693 22007
22425 24368 19909
2079 23619 24462
24290 433 25070
24539 5513 24471
23934 7278 24306
588 23312 24875
9802 19933 16753
21850 24846 23296
19176 1958 2163
23288 12978 17630
7237 24603 16110
21223 17093 11866
16377 19486 25228
11127 21389 23871
1317 24847 731
17616 24608 16782
24540 17121 23548
11729 18030 21220
20393 4734 21604
11764 3980 24480
13867 24375 24722
21520 18436 7345
21537 13012 18516
12383 13046 19461
17642 20984 6285
16405 23072 24990
8632 24848 3089
15281 21664 3135
23474 16441 18995
20413 23085 19020
16433 15767 8212
24541 8370 4936
21866 8410 23310
8672 5556 19932
1365 22513 24489
24387 21682 4092
23718 24500 4980
22439 8450 21623
24485 9117 8253
22112 21004 5024
9262 18056 16811
16461 24849 9024
7279 19955 16140
24517 24850 19485
19199 22251 24996
22765 24775 25163
15924 21024 23561
5146 2005 17658
24295 24697 13269
2126 23098 5068
24488 6448 19509
24061 14688 18542
13318 23838 11048
15311 4778 24730
17036 7319 25286
22778 5599 25075
24300 15283 8294
9840 14720 19955
20433 17149 23574
18781 23324 24498
19601 9156 11903
22453 18948 16170
5190 16470 23883
22791 24052 19978
17063 24061 18068
19984 20535 20024
3864 10935 15659
6056 23111 20001
8712 12395 24738
24068 22267 25288
12417 13080 7387
24201 16499 2210
2959 5642 7429
22804 24382 20047
9301 3117 23895
20453 23848 20770
9340 19977 22660
24391 22283 19045
24519 18461 16840
8022 4822 7471
9379 24778 19533
23062 14752 9064
3909 1060 5112
21554 24506 1454
24542 23124 19557
23942 2052 8335
3954 9195 25167
11799 13114 24746
23484 19509 24111
9418 24070 13304
8063 22299 22025
11834 13148 3181
24521 16528 12596
23727 24825 24754
23494 11623 17686
23504 3163 25080
7321 6490 23907
23074 9234 24316
18298 24079 10207
13351 24613 4137
1413 21044 14489
24305 23858 19581
17090 19532 25085
24543 7360 24882
22467 4866 19070
22481 19555 9104
15953 24236 21642
20005 4025 23587
24544 5685 24122
11869 10153 19095
20804 7401 20833
24395 15314 24762
16489 19999 11940
22817 7442 14940
21571 5728 20791
16517 21700 25171
24075 4070 22368
22495 3209 9144
12451 1108 20070
22830 24781 18095
23950 7483 780
11163 22528 24770
7363 18972 17714
24207 24244 25290
5234 6532 16869
22509 21408 2257
19222 24618 3227
21241 6574 23600
24545 23137 5156
24082 9273 3273
9457 12430 9184
23299 24512 11977
17668 15797 8376
24310 20556 23613
21882 24827 24507
19245 23336 24516
21898 24088 3319
21588 2099 6328
23958 24784 6371
1461 24389 5200
23310 24787 23324
24089 21427 25090
18323 21446 6414
20473 20577 18568
5278 7524 25231
8104 10191 18122
21605 6616 21661
10548 23348 19605
12485 7565 24778
22523 24396 13991
3999 16557 16898
8145 24518 13339
23086 24524 1502
23098 21975 25002
2173 23868 20428
11199 8490 12014
15982 5771 24889
21914 10972 22983
17117 13914 8417
16545 21064 12632
13899 23150 14972
637 23163 25175
8186 23360 18149
21259 20598 20450
18805 13182 15004
17694 482 12051
16573 23630 25179
23514 13947 8458
16601 18082 24896
24213 11659 22676
23524 15827 20472
21622 24851 15036
12519 3255 12668
24315 11009 2304
23736 4910 13374
20026 23176 18594
20047 24790 24525
3005 24793 23338
4044 23189 0
22127 9312 24786
17144 23878 23919
22537 22558 16927
8227 22315 16956
1509 24403 4182
23966 24852 24534
20493 3301 6457
13931 22331 20812
7405 24829 12704
13963 23202 8499
11235 14784 9224
21639 23372 24133
20068 18996 6500
23534 24853 5244
13995 21465 3365
21277 15857 19629
12553 17532 22385
11271 24796 25234
20823 17177 22692
8268 20619 9264
24546 24410 5288
23745 12465 10246
2220 2146 13409
8752 24252 25183
23974 23215 24794
24399 24701 9304
20089 24417 12740
20513 19020 7513
24491 24831 5332
22551 21084 2351
21930 24799 25095
16011 1156 829
1557 24705 20854
22565 24424 1550
21295 2193 4227
6099 20021 25008
5322 20640 20494
3051 23888 12088
24320 17205 8540
15341 24530 7555
686 24260 12776
1605 12500 12125
10585 21718 15068
18348 23641 10285
24403 24833 19120
19268 6658 5376
24325 20661 22998
19623 4115 14025
22843 19578 23352
20110 13980 24802
24219 19601 25100
11904 15887 23013
23754 17559 23028
735 23384 20093
8792 6700 24903
2267 3347 16200
784 24854 22708
17720 23652 10324
4089 9351 25237
9878 17586 22043
23321 19044 25292
833 20043 23931
24096 6742 9344
14027 3393 17742
17746 14013 21240
13384 24536 12162
19645 21736 23626
22579 13216 25240
24547 14816 23043
9916 20065 25306
23110 16586 14059
17171 16615 25294
24548 18486 22061
11307 22755 22402
21313 19068 24543
24549 24542 24144
22142 15345 23639
24407 23898 19145
22856 24431 24155
20533 9390 18176
21331 17613 24326
20553 24623 8581
16629 4160 25243
20131 24097 9384
23122 24628 20875
23982 24709 23652
9496 23396 14522
12587 13250 3411
19291 2240 25105
17198 22769 3457
22157 24802 22419
12621 20087 12199
13417 6784 25307
23763 20109 4272
2314 2380 25187
6142 15917 16985
23544 21992 6543
1653 3439 20516
22593 20131 19653
14619 20153 20896
21946 20175 24552
9535 18511 23665
14059 23663 20917
11939 4205 12812
23554 17233 14555
20842 24268 20938
9954 6826 10363
21656 18536 5420
24494 24438 25246
22869 24445 17770
15371 18108 5464
20573 10229 21260
24103 18561 3503
24110 19092 8622
19314 22783 5508
16657 23408 19170
23772 14848 3549
11974 5814 21680
23332 22009 11086
3097 19116 9424
17225 7606 20959
23781 22543 1598
12655 12535 25014
19667 5857 3595
23564 19140 18203
23990 8530 20116
12689 23674 3641
24411 22347 25249
12723 24713 22724
17772 19624 4317
1701 20682 2398
20861 18134 19195
21673 24106 25191
8309 5900 12848
18829 15376 11124
20593 16644 6586
16040 10267 21699
24523 15947 19677
23343 22797 23678
15401 24717 24561
14650 18586 22740
24330 11046 11162
24415 7647 20139
13450 531 23943
10622 17261 23955
19689 9429 21718
6185 2287 24910
20613 18611 8663
21349 24835 20162
3143 20703 25110
11343 1204 23967
6228 22026 9464
24419 13284 19701
24423 23685 15100
22607 24276 13444
7447 18160 20538
8350 7688 5552
14091 9468 24810
22172 14046 6629
882 7729 6672
931 20197 5596
18853 24115 21280
5366 10305 4362
8391 13318 22756
20880 22811 9504
1749 5943 20185
24427 23696 16230
22621 13352 13479
20152 14079 19220
980 8570 22772
9992 1252 4407
24525 23707 24917
5410 20219 13514
8832 23420 24818