25361
23278 22503 24780
23771 12229 23994
16598 3556 25303
11487 14471 2338
25115 19189 22569
13154 1010 24620
22427 19212 5939
7010 21492 19537
22103 24422 17446
14989 7412 19273
11525 23598 25271
11981 12789 25113
24865 24719 10218
24180 20204 18773
15021 15844 21087
5998 21510 22195
25339 9558 1210
23927 13435 24628
2288 9597 25205
23783 1059 2386
24190 1108 24225
3152 9636 14453
17138 11062 25208
17167 11617 24005
22121 1157 25008
13189 23322 20181
23446 13468 21107
22444 23127 7186
19172 2039 15093
23795 24428 23766
21799 23609 21127
20916 20225 16830
25340 19235 25211
24985 21528 25013
15053 24876 22585
25223 14502 5982
20432 15184 24395
4873 23774 13529
22784 5241 15124
24654 24878 24016
2336 23784 4095
13224 22247 25214
22461 15873 14485
20454 20666 9321
23459 18328 24787
20937 24723 5279
17196 6165 25217
7053 11099 22212
22139 14533 21567
21399 13831 19297
17225 18353 22229
25283 20686 7228
19747 6208 5323
15085 6251 8681
23472 19258 22921
23008 10416 12215
18195 23334 22246
3199 24167 11639
17254 7454 10256
21818 24434 24235
4045 2663 20203
6042 24440 25117
9177 22263 19560
15885 19281 60
25226 5285 17473
16628 24554 1309
12018 60 24027
24200 1206 22936
21419 24175 10788
20958 24559 18798
24871 19304 110
4918 8336 20225
24210 7496 24404
16658 24727 160
15117 6294 25018
10551 24014 21586
58 22833 23778
22157 17964 11675
24990 14564 16858
21837 8377 8721
15149 19764 9360
20476 110 25121
108 24807 1358
19197 160 9399
23292 17990 5367
19771 24183 25304
23485 15902 8761
24774 24912 13562
7096 23346 2434
21856 20246 8801
8085 13863 12250
4091 14595 18823
23498 12264 10825
23306 15931 24794
25285 24810 17500
24220 7538 14517
6086 6337 17527
19222 16540 24413
23320 210 24038
23938 19327 24245
1308 13895 16886
23949 24191 210
6130 6380 5411
23511 24813 24801
13749 24880 22263
18600 12299 22951
21439 19350 1407
20179 24816 20709
9218 9675 13595
24877 20706 21147
12055 21924 4141
23524 22518 18175
9259 15960 10862
24230 24882 14549
4963 16568 13628
20979 23358 10294
13259 8418 22966
25229 21546 17554
22800 22533 18201
13783 3602 21167
22175 10454 24906
14395 23370 16914
10590 19373 24912
24420 8459 23480
21000 12823 23493
22478 21226 24918
18222 16596 13661
25341 22279 21605
25119 10492 12285
24240 24884 16221
24662 19396 18227
13817 8500 14581
22816 14626 22280
9751 11653 20247
24670 24564 1456
6174 20267 25220
23023 12334 22981
21459 3648 23326
10629 6423 21624
3246 24886 8841
13851 7580 24924
19795 11689 22297
24250 21245 12320
10668 7622 14613
1357 15214 17581
18626 15244 25273
24883 13927 18848
17283 23794 7270
21479 21564 4739
5008 17100 24808
8127 15274 1505
24995 10530 20269
23334 10568 3202
158 260 310
17747 13959 5455
208 310 260
18652 17127 21187
17312 20288 24930
2384 24199 8881
10707 9714 16942
23807 13991 17608
9791 24731 3249
1406 2710 19583
18249 14657 6025
13294 5329 19606
25342 20309 4187
11563 21582 24936
13329 20330 13694
25343 7664 23790
8169 5373 21871
18678 24569 21889
25287 2087 19321
15181 20351 6068
12092 19419 25125
22495 24888 13727
25344 22295 24422
3293 24735 25129
18704 12857 4784
23819 24890 20730
23537 24913 23802
3340 22847 20291
20498 15304 25275
17775 9753 23506
3387 21264 23814
12129 17154 6111
25000 18016 25133
13364 18853 18253
12758 18877 1554
24781 11136 25277
18730 23140 24431
22512 9792 15155
17341 21283 14645
17370 3694 20751
5053 12369 16250
24788 23620 18873
18276 24914 7984
10746 22548 15186
23550 2757 12355
22193 11725 22601
21499 3740 21907
13885 24574 16279
23960 24303 19345
15213 24739 8025
16688 15989 4829
15916 19786 10332
25005 24207 10370
24429 5417 14677
25123 8541 22996
12166 9831 22314
12794 23153 16970
8211 24819 20772
7139 5461 4233
13399 7706 7312
21021 24915 21925
25232 12404 23519
22832 24743 10899
25127 18378 18898
16718 24023 15651
23038 20372 360
24889 24916 25023
6218 14688 12985
5098 14719 15681
19247 18403 6154
1455 7748 24049
21519 21941 13760
21539 12439 15217
19819 2804 23826
13434 16624 19629
19272 20393 22617
22529 8582 22633
3434 21302 15248
23563 23382 19652
20202 17181 23838
20520 23804 9438
11601 24822 24440
24438 18901 9477
23348 24579 18923
25289 21600 21207
9300 15334 24060
1504 20414 3296
22211 7790 12390
25291 21958 19675
20225 6466 13793
24895 20726 18279
18303 2135 4874
24678 10606 25223
22229 24310 23340
19297 23166 25028
24447 24032 2482
21042 23179 8921
22247 21618 23011
9831 12891 25226
22848 15364 1603
25235 12474 14709
25010 21321 10408
25238 15394 23532
9871 24584 8066
9341 17208 410
21559 18042 9516
23053 13501 22649
25241 23631 24636
21875 2851 3343
25131 24589 9555
5143 12925 24815
23362 6509 25229
13919 19808 25137
10785 24446 16308
9911 16652 10
25244 9238 9594
23068 16680 25033
22864 15424 23026
21579 24452 24942
19843 2898 13019
15947 22563 9633
25015 7832 24822
25345 18925 23545
23376 23814 15279
9951 24747 6197
9382 12509 25232
14428 24458 460
19322 24464 24948
17803 22311 15310
10 6552 20793
18330 24317 25038
12203 16708 510
25020 7874 24644
24901 24470 23558
12240 22861 3390
14461 360 18948
15978 24917 23041
7182 12544 3437
7225 24594 25141
24907 23394 19369
24260 21975 25305
24686 18428 22665
10824 21992 7354
8253 22578 15711
18357 4476 20313
23971 22875 1652
25293 23642 10446
8295 22593 23056
25247 9278 24652
24270 9870 14741
9991 17235 4279
21599 16736 23071
23083 17262 4325
25346 23653 13826
258 23824 2530
25025 19830 22331
23982 14023 8107
23831 10644 24954
25347 24476 5499
17399 16018 21943
25135 24599 4371
24913 16047 20335
21619 9909 25306
9423 24918 18305
13953 1255 21227
8337 24751 21643
13469 12579 24449
10031 23834 25043
24456 23406 25235
23993 23418 19393
7268 16076 21247
24919 21636 560
2432 13534 1701
6262 3786 4919
14494 9948 16337
24004 22889 1750
25250 17289 10484
20542 23192 13053
6306 21654 12425
25253 22903 21267
25139 17316 13859
6350 23205 610
15245 3832 14773
16748 24041 2578
22265 23664 22681
25295 23430 24829
4137 24482 24255
16778 20746 13892
4183 24892 12460
16009 18453 24660
23098 22009 18331
25297 24324 19698
23576 1304 24836
4229 24825 24071
19867 22327 11711
23589 24050 22348
5188 19442 13925
15277 2183 11747
19891 8623 11783
7311 17343 23086
24465 24215 19417
25030 17370 21961
22546 24604 25145
1553 22343 14805
2480 22359 20814
308 9318 22365
13987 22608 2626
21063 3878 15341
2528 16105 25279
18384 24894 20357
24474 9987 24843
7354 20766 22697
11639 22375 24458
14527 24755 1799
20564 8664 16998
15309 24331 18973
12277 24059 660
21084 22623 24467
20586 14055 16366
15341 23442 15741
19915 12959 24082
21639 10682 24476
20248 23454 15771
5233 8705 3484
358 24896 19721
408 19465 10936
22880 18949 21287
10071 24828 10973
21894 22391 9672
21659 11761 9711
7397 3924 15372
25035 19488 7396
12830 16134 13958
20608 4521 14837
10863 11173 18998
20271 23466 24265
1602 24831 12495
19347 16163 23850
17428 3970 25307
13504 24834 18357
19939 2231 25149
23602 19852 16395
4275 9358 24850
25348 14750 710
16040 7916 15801
22563 22026 16424
5278 20786 25308
10902 21340 24857
25299 24068 17635
23843 14087 11010
24280 21359 3531
25301 410 25281
1651 4566 24960
24483 20435 10522
22283 24609 23101
13539 7958 17662
20294 24338 8148
16071 13567 1848
14021 24759 24275
18411 22638 18383
24795 4016 16453
14560 23218 1897
23855 11797 24285
25256 19511 24093
458 20456 7438
6394 4062 23571
6438 1353 8961
2576 12993 25153
21679 18973 20835
24492 21378 11819
10941 6595 20379
20630 24614 21979
25143 21672 24104
17831 23844 9750
5323 17397 23354
22580 23478 21662
25040 21397 24668
25303 18478 9001
10111 24763 14869
14593 16764 8189
6482 17424 20856
25305 19874 7480
2624 9398 22382
24015 24898 7522
7440 14119 23116
22597 460 13991
24802 1402 25048
22896 4108 14901
24501 18503 15831
18756 24223 13087
21913 1451 20877
19963 4611 14933
7483 24900 14024
508 20477 25238
558 13027 9041
17859 24619 24295
15373 23854 20898
25147 4154 1946
20317 8746 23584
24026 8787 8230
25307 4656 18409
18438 24837 21307
7526 22043 22713
23113 8000 8271
1700 9438 15403
19372 18068 17689
24290 6638 13121
25151 10720 14965
8379 15454 23597
608 510 17026
5368 8042 22399
18782 24919 1995
17887 18528 24485
12314 560 15434
25309 21690 12530
12351 18553 12565
23867 23884 4964
1749 11833 20401
6526 1500 24305
20652 8084 2044
19397 19896 24494
22912 1549 9789
25259 22060 19744
19422 21416 16482
20340 24902 4417
17915 5505 22416
12388 10026 15465
21932 22653 12600
19447 10065 17054
25155 14781 21327
10151 22668 6240
17943 5549 19767
24694 24077 17082
16102 4701 19790
16133 20806 23862
16164 8828 19813
2672 5593 15861
6570 24904 2674
24702 18578 24676
14055 20826 4463
12866 24767 13155
23615 18094 11855
16808 19918 22433
22614 14151 7564
25159 24231 24115
21105 20498 25241
10980 24840 25283
8421 24488 5543
23628 23864 22450
14089 23874 20423
10191 17451 11047
24510 19940 13189
22928 22407 23610
4321 24920 23623
23641 11210 19441
21126 13061 23131
8463 21708 24503
25311 24345 11891
25349 23231 6283
18808 16192 17110
25163 17478 24966
24519 18603 23368
17971 23894 8312
658 10758 16511
24925 10796 9081
25167 23675 19836
25045 13600 13223
8505 24624 24972
3481 21726 25053
20674 17505 20445
6614 6681 17716
15405 24771 23636
5413 19534 22467
8547 24921 760
7569 2279 20919
7612 8126 16540
15437 19962 15891
21147 24922 15496
21699 13633 17138
24710 24843 20940
3528 13095 810
10231 10104 14057
22631 6724 23649
5458 11869 11084
17457 24923 25285
22944 20519 24684
7655 24352 6326
11677 22917 24692
11019 19984 22484
14123 24359 20467
4367 23686 11927
24809 24775 11121
24816 21435 20489
25350 2945 11963
5503 24846 13257
8589 24849 9828
24931 24086 23382
22648 14812 25244
23654 21454 25058
23667 20846 13291
14626 24629 9867
25313 22931 23146
1798 18120 23874
16195 20540 17743
8631 24239 24864
14157 24634 3578
20363 24639 2722
17999 4746 23662
25171 24366 25157
23680 19557 24315
4413 20006 13325
24823 22945 25063
11058 13666 13359
21168 4791 7606
17486 22959 860
21189 22973 15921
21951 4836 25287
23128 2992 11158
14659 21473 6369
21970 23697 23396
6658 20866 15527
24300 15484 5009
6702 15514 19023
25175 23490 5054
23879 11905 20961
20696 16792 24978
24528 1598 20982
21210 24644 11195
18027 20886 17166
14692 20028 25247
21719 6767 5587
2720 20050 25161
18834 5637 17770
6746 5681 22729
16226 18146 21681
24037 24924 19859
25315 15544 13393
18860 3039 24871
10271 2327 23161
18055 10143 2770
18886 6810 23886
24537 20906 24325
24310 13129 23898
23693 24373 21700
24048 16820 23675
25179 14843 6412
24937 1647 25250
12902 10834 8353
25262 24649 17797
24546 11941 20511
12425 15574 6455
6790 24654 19882
3575 24852 4509
25050 22987 21719
4459 24906 24700
21989 24925 19048
12938 24380 25068
14725 16848 24984
708 20926 11232
25183 5725 16569
1847 17532 9906
24555 22077 24126
24059 8869 16598
25317 3086 23176
14758 24494 21997
22301 23708 16627
13574 17559 25253
24718 16876 23191
16838 24659 23688
23706 18172 11269
25187 22423 6498
6834 23001 21738
25319 24500 5631
4505 14874 3625
5548 17586 3672
24726 10872 14090
11097 17613 24335
18912 16904 17194
25191 23904 910
758 6853 25289
808 23914 24878
19987 23719 14997
25321 21744 25165
22319 24779 25309
2768 24855 21347
16868 11247 21367
8673 23924 19905
16257 19580 24885
24564 22683 5675
25351 22439 25310
24070 12614 5719
20718 21762 15951
25352 23502 15981
7698 5769 21387
8715 4881 16011
11136 2375 25256
19472 9478 16041
11715 4926 24512
12974 23514 11306
23390 16932 21407
24320 24387 19928
20740 23015 23910
21739 14905 2093
23143 11977 20533
24081 14936 25169
11753 17640 24708
1896 24394 24521
3622 22698 9945
23158 20561 11343
15469 3133 14123
13010 21780 2142
20011 23244 25311
25323 8910 9984
21231 23526 21427
24573 16960 25173
18083 24095 21757
22960 17667 19951
18938 6896 7648
21252 1696 19974
22665 2423 17222
24582 12013 14156
24943 24506 19997
11791 24104 25312
16288 22455 20020
14191 22471 23701
12462 23257 23206
8757 24512 17824
20035 20946 19073
11829 23934 17851
25353 14183 22745
23173 6939 7690
16319 24783 16656
5593 13163 5763
25195 23730 24137
24092 14215 3719
1945 3180 25177
5638 14967 24716
17515 24926 24724
9464 22713 25259
22337 18997 9121
20059 1745 12635
24830 22094 25313
13609 10182 22015
25325 24518 19098
16898 11284 5807
16350 24113 10023
9505 5813 7732
1994 23029 8394
25327 23538 24345
20386 24927 2818
6878 8951 3766
22682 18628 9161
25265 3227 10560
17544 23270 6541
24330 24247 18435
24591 12649 7774
2816 24787 22761
13644 18653 11380
8799 8992 22033
16928 13699 20555
20762 4971 23714
20784 16221 4555
3669 24664 18461
19497 21798 20577
13046 6982 25314
23719 18678 12670
25268 1794 18487
858 610 18513
16381 10910 25315
22355 22487 12705
25329 22111 2866
16958 10221 16071
19522 11321 15558
16412 10260 17250
17573 17694 4601
25354 2471 2191
2043 16988 24530
4551 4200 10598
24734 12684 21003
8841 20966 8435
2092 19021 20599
9546 7025 25262
7741 15604 24732
11867 17721 15029
23188 23944 19465
23203 17748 2240
24742 20072 5851
21273 24524 24148
16443 21816 25291
10311 20582 25073
22699 9033 25078
11175 18198 25181
18964 3274 24539
23218 19603 21024
18465 14247 17278
25055 24669 18539
2864 23741 21447
5683 24122 7816
25060 23283 3813
22008 22128 25316
11214 14279 24355
22027 21834 25185
4597 20986 10636
25065 18703 17878
11905 24858 11999
5728 24861 17905
25271 20094 22051
24949 20116 6584
5773 7068 20043
22716 22145 10062
12499 19626 17306
25070 5857 12035
2912 24864 25293
17602 24908 20621
14791 22728 12740
25355 22743 24159
8883 5016 24365
25075 20603 24548
14824 10948 25295
24600 11358 22777
10351 15634 20066
25199 24131 24557
14225 1843 25083
18990 12049 18565
23732 17775 22501
11253 23296 17932
23233 5061 14189
25331 660 5099
19547 13197 2914
12536 14311 19123
16988 9074 22793
19572 19045 15589
2141 7111 23221
16474 18728 22518
19016 24255 16685
8925 21852 23410
9587 20138 22069
19597 12719 12071
24103 2519 18591
3716 12085 16714
20806 4246 3860
12573 23043 14222
22046 14998 12775
3763 17016 10101
24837 9518 24566
24340 21006 960
22733 23954 15620
22976 5901 24740
24955 19069 6627
24114 24674 22809
6922 23964 12810
7784 24679 17334
25080 13231 25088
25274 10299 24375
11292 5106 8476
16505 24910 16743
13082 23309 22087
19622 5151 24748
22750 4292 6670
24350 19649 5895
10391 7154 24990
23404 7197 20643
25085 24791 24575
14857 5945 21467
19042 24140 24756
25356 15029 17362
20828 13732 5144
14259 2567 9201
19647 23752 14255
24750 22162 22105
25090 14343 19148
2960 24867 23727
11943 11395 18617
4643 9115 9241
22065 19672 8517
17018 21870 21776
24609 5989 17959
12610 22179 21795
24360 24684 25317
4689 710 25189
10431 11432 14288
22373 15664 24996
24758 5196 23236
18111 9156 20089
18139 8168 11417
20850 22758 22825
17048 3321 11454
11331 20624 12845
25277 10986 16101
15501 17802 19489
14890 24263 14321
23745 23974 23922
24618 17044 6713
24125 21026 19513
22992 21046 22841
5818 24530 22123
8967 23984 23740
21294 12121 24170
20083 13265 24892
25333 24271 22141
16536 14375 21045
22391 18753 24181
23248 760 2962
5863 24689 22159
13118 11024 17986
12647 20160 8558
3810 24694 12107
21759 24795 22857
25095 12157 21487
17631 15060 12880
24370 3368 16772
23418 23550 24764
24766 24870 7858
9009 21066 3907
3008 13765 24584
17660 24279 24192
9051 24536 25193
24380 15091 3010
22084 13299 16801
9093 22196 5189
23432 6033 10674
908 23994 18643
958 21086 24385
3857 15694 23251
11370 23057 24899
1008 810 13427
9628 22773 17390
18492 18778 25297
3904 24799 18013
21315 24287 12915
22767 14407 14354
21336 11469 4647
24844 18224 23266
18519 24699 16131
24390 21106 11491
5908 18803 18040
25203 18250 25299
20107 23071 12143
18546 6077 18067
25335 22213 3954
25357 8210 18669
24961 16250 3058
3951 17072 20112
19672 21126 3106
4735 7240 25093
7827 24928 4001
9135 23085 7900
25280 22230 6756
13679 24704 23934
19697 19093 25318
25358 16279 16161
7870 18276 10140
25207 3415 18695
24136 23099 23946
12684 11506 24593
1058 18828 18094
24400 1892 11528
15533 15122 22535
15565 23113 23753
25100 16308 23281
25211 24542 22177
24851 22788 8599
19068 17829 4048
3056 19695 18721
25105 21146 24602
9669 10 23958
2190 19117 22552
5953 15724 21507
18167 12754 1010
3104 24709 21814
14293 19141 25098
6966 7283 25301
24967 17856 10179
22409 860 24772
24147 24714 21066
10471 10338 10712
20131 11543 23970
23891 17883 14387
11409 21166 24203
15597 14439 22873
4781 8252 7942
7913 12193 19173
14327 24929 25197
24158 20182 24214
23903 2615 12950
13714 23562 25319
25110 11580 2289
14923 24401 8640
16567 15754 17418
17078 19718 19198
20872 21888 15061
24858 4338 21833
14956 9197 23296
17108 17910 21527
1108 13333 25265
17689 6121 3154
11448 19741 23424
1158 3462 1060
24627 4384 18121
24973 18302 22889
25359 1941 24611
10511 3509 20135
23915 17937 6799
23263 21906 20665
24979 13367 25002
19094 7326 23311
25360 21186 22905
18573 24930 1110
15629 16337 6842
25215 23574 23982
4827 8294 18747
15661 16366 6885
19120 20645 20158
25337 15784 19223
20894 24149 23438
24636 7369 19248
14361 10377 4693
20155 22803 23452
15693 16395 6928
1208 910 1259
24645 15153 5234
7956 24158 9281
23758 24408 16191
20409 24931 11565
9710 24873 21547
21779 1990 25201
19146 13798 11602
2239 23586 14420
7999 24295 6971
24410 23763 21852
17718 15814 25268
24169 24548 13461
21357 24004 10750
15725 24803 25103
8042 24415 25108
15757 16424 7014
15789 16453 7057
15821 16482 7100
15853 16511 7143
1258 960 1160
12721 19165 18148
25219 4430 13495
19722 13401 12179
3998 22818 20687
21378 21206 23466
0 1 2