5089
1852 2272 2688
925 4522 4105
1893 61 3363
4149 4826 2845
4851 4536 4877
4861 1505 4569
3617 4029 4124
1063 3573 1648
250 5023 4827
4674 4397 55
4584 3035 1349
4040 13 4859
2558 3167 1217
1934 1019 4878
3971 3602 844
1554 4876 4385
3643 2721 2344
3773 697 3811
3451 4564 4400
1726 4616 4236
4062 4883 1261
2388 3931 4764
2095 2310 4715
1108 4756 4143
299 4052 2519
5049 4413 1852
4365 4075 4605
4599 3001 4627
2690 311 4831
3669 1878 4871
971 4211 105
5006 507 891
2591 603 4647
5053 4976 3389
5086 4904 938
1153 4766 1891
3563 3631 4812
4169 5004 3493
4614 3801 155
2914 3199 2236
4488 4429 1392
1198 1419 4873
1597 1199 3142
4084 111 4530
4629 1673 3834
4437 4946 5
3219 4776 3518
50 4329 2553
5012 2038 2875
2722 0 3878
3248 2077 3170
2945 2116 2587
5080 2348 3899
3277 3359 4415
4783 4445 3920
2422 3981 4770
4744 1064 4835
4921 1547 4722
2754 4167 4817
4644 3660 4162
4688 4786 4729
4189 1589 4736
348 4796 1930
4948 4628 4321
4106 360 455
3695 4712 4822
3069 4910 3643
1017 3390 4839
4383 3421 4843
4702 3068 3543
3479 3513 1969
4209 743 4743
5077 4806 3568
4504 4980 2905
3994 3827 4750
5057 5019 1435
4659 4577 2752
3798 1109 4656
100 1714 2655
1243 3718 4460
2280 4816 4683
1378 3853 4430
3306 2538 700
4964 4590 3282
2624 1243 3415
544 161 4862
4807 2155 4253
1768 4984 2162
4930 4916 4691
4871 4189 205
1810 4231 4025
2132 4550 3198
4716 2756 3941
4730 2649 4337
5018 789 2272
3507 4461 4865
4520 2386 2935
2976 4723 3667
1975 4640 748
4757 2791 4776
5061 1287 796
4818 4844 1689
4881 2826 3593
4770 2575 4353
4229 4652 1172
3007 4988 4543
4829 4951 4369
4971 1462 2965
1640 4852 2995
4401 3231 504
3335 4992 1730
5065 4922 3055
4289 5007 255
3364 1918 3618
2456 4477 4875
3590 4346 3025
5082 555 3084
2490 1331 2720
2524 5024 2199
2786 211 3309
5069 4664 4474
2316 5021 3226
3823 1154 3113
397 261 4581
3721 4734 2783
446 3774 4847
4419 1958 2379
4891 835 4045
2169 4996 4757
3099 5010 4851
3393 4676 2086
3129 881 1478
4536 4098 3962
5087 409 2814
4308 2861 1564
5024 4363 3441
2657 4860 553
3422 4291 602
2016 4310 3336
592 3956 3983
0 2896 4637
4327 1998 2414
5029 3879 4782
5088 4956 985
3848 4603 4488
4249 4688 4593
2352 3101 2008
4901 5013 1521
3747 1631 2124
4552 927 2047
1422 2424 4868
4840 2194 3691
784 5016 4665
2818 5025 0
3923 5000 4270
2206 4492 3715
4939 3134 4788
2850 4005 1812
2057 4121 4287
3159 3452 4445
4128 650 4200
1466 3483 4556
1510 4928 2308
4346 973 4674
4795 2233 305
640 2931 4794
3038 2685 4065
4454 4961 4304
688 1755 1305
4978 3746 3787
1683 1375 4699
4568 4868 3467
831 2612 3739
150 3689 355
4017 1796 4800
1288 3263 1032
4911 2966 3856
4956 4507 3254
4985 3543 4806
878 5026 651
3873 3905 4218
3947 3295 4085
5073 458 1606
4269 3327 1771
200 1837 4879
4992 4745 4004
2882 4380 4880
495 4966 3763
4999 4934 1126
3535 4890 4616
736 4940 1079
4471 2462 4502
2243 4897 4707
1333 4971 2449
5084 4251 4181
3189 4271 2621
5034 2500 4516
3898 4835 4855
5039 4700 2484
5044 4144 405