18320
50 2817 17766
14388 50 17816
14412 13324 11931
17713 5468 9554
100 1470 13649
8853 15598 16261
8889 17880 14620
9847 5509 10645
16550 12271 12322
17941 550 17545
18271 17832 17317
17948 16483 12835
15728 13349 8388
18307 8477 9588
7027 6083 17884
13183 17151 17929
16566 17301 17425
18101 16497 5895
7066 16511 3203
14580 13374 16037
13210 14760 7759
150 17737 5936
16244 11081 17177
14856 15256 11017
12679 17629 17012
18273 15275 17023
17563 599 17034
15747 17742 13199
0 11112 17045
1685 16159 11467
10357 16833 5055
6098 15616 16053
9357 16651 15680
17249 14781 17056
9392 4754 17187
4158 11143 550
13237 12607 17067
18106 4152 17197
15274 15634 9894
11497 6123 11554
200 11360 10676
15766 4796 17771
14088 8513 8784
11528 16664 17552
16967 8549 3248
17821 15904 2329
17722 14129 5097
9427 9233 16471
4950 15294 13673
9462 2862 599
2309 13649 8819
950 17635 2375
16742 9793 7379
16261 16677 5139
9497 2081 11496
18275 6803 17911
3798 17836 11959
6467 17418 8854
12389 14152 14105
16278 2907 16868
18277 3492 16069
18011 16303 10707
8298 14802 6428
7690 17940 4539
3108 7996 50
2356 15652 5181
15295 15096 8889
17731 11390 17326
4202 15670 17335
17829 17747 4582
17261 9268 8424
9532 2127 17344
2403 9827 14128
999 5550 11525
15316 14823 11987
17837 11720 7796
2450 16953 15697
13750 4195 17820
18017 17883 17824
7105 11749 17433
5552 13399 10738
17453 13673 14641
18308 13424 3293
250 6842 2421
1048 17538 13697
12179 14844 16485
10390 13697 0
18023 13449 14872
17273 5591 648
11559 17941 7028
16295 8585 17207
15337 16964 15374
11590 7388 5977
13776 10303 5223
17093 13721 1236
7144 16318 14662
7728 9303 17930
16981 15688 16499
17740 9861 7417
11017 17426 16880
3154 17916 7833
11621 13745 17441
11049 17434 3923
8335 7426 12295
1097 17752 2467
17285 3536 17078
8925 11778 3967
6139 10336 16276
12209 17886 17913
14878 17310 7455
18279 12299 11583
15785 4238 697
17845 17442 3338
18029 16333 16513
16995 7464 17559
18111 12634 17664
13802 1517 2513
5594 9338 17089
16312 11420 9927
15956 8033 17828
17749 8070 3383
18116 11450 17931
14603 11807 12861
4993 12327 6468
18309 13769 2559
5636 100 17353
7183 17757 16892
5678 12355 16904
17573 6163 1812
1733 1564 746
18281 9895 100
17464 9373 17832
13828 17319 7870
5720 16975 12015
16757 11836 14312
18250 14175 17836
4246 150 3428
5036 942 9960
13264 648 16751
18035 14474 13721
14626 15706 13745
9881 17641 17449
8372 4838 17670
1146 15724 12349
6507 15742 17566
2497 17889 7907
11652 9408 7493
10423 17918 17457
11683 17920 12376
15568 17328 17465
17758 14496 12887
12707 13793 1284
17583 3580 15356
10456 17922 12913
13854 2952 12939
16582 17924 13224
17297 15313 8924
7766 16986 9993
4290 9929 14334
17853 11865 2605
18310 17161 2651
6547 15332 8959
16772 17647 17573
6587 13817 17580
17593 10633 150
14113 9443 15714
18186 17942 16527
18041 4281 14892
18283 14198 10389
17767 17171 17100
11714 10665 10026
13291 5632 16764
5079 9963 16541
18311 17545 11047
3200 15921 7944
12239 10697 10769
13318 4324 12403
17309 14221 3473
17475 13841 200
16329 16525 13249
6627 697 17217
3843 13012 2697
18312 17840 16085
5762 16690 17776
14138 2997 10800
17321 10369 8460
1781 5673 11612
1829 9997 12430
17009 1611 16555
7222 14865 10421
11745 5714 250
5804 10031 5265
12735 17337 17676
1195 11894 12457
18047 4880 16569
17603 9478 12043
17613 10065 15052
15804 3624 15392
8961 16845 7067
15358 8621 12484
13345 17450 3518
3888 11480 15731
18053 15938 14683
15379 16175 15410
12763 200 8994
300 6203 12965
7261 8107 12991
7300 15351 17473
3246 14886 4011
17023 16539 13769
9567 16857 17840
18121 10402 17111
17106 15760 10831
11776 6243 17844
11807 17926 15748
350 16997 14704
17623 15778 6018
1877 16869 7531
14163 990 9029
1244 3668 9064
12791 15955 795
7804 6881 17887
18190 0 11077
15823 3042 11107
15974 10099 17587
1925 1658 17932
3292 14244 9099
14436 14518 17915
5122 11923 17682
18285 13865 6508
400 15972 3563
13372 11952 17594
17633 1705 17481
18287 2173 7981
17333 2219 2743
15992 17552 6548
9915 16553 16101
5846 7502 7106
18289 9513 14356
1293 17559 7145
13880 11510 17890
12819 11174 8496
8409 17892 10862
14900 17895 12511
9949 17008 4625
17037 10729 13274
18194 16191 6588
17643 3087 16117
16346 14540 17227
16010 16703 9134
18126 15796 844
11081 12661 15428
11113 16881 3608
16787 17653 11137
13399 10435 12538
7842 12688 10059
16802 17181 10092
17345 6920 16583
9983 6283 15446
12418 13038 13793
12847 11981 13299
18291 13474 12565
16817 15116 2789
2544 17458 17688
6180 4367 10125
16598 17019 1332
18293 7540 14912
9602 6323 2835
3338 4922 17601
16028 15136 10158
11838 4410 17848
10017 15370 9169
13906 1752 17893
17653 2265 10893
18198 14907 16291
14649 17030 17237
18313 13064 10924
11145 1799 17694
1342 13889 15464
3384 17346 14378
17119 16207 16597
6221 13090 13324
18131 8657 14400
16046 14267 17608
9637 16716 9690
1391 8693 10453
16064 6959 17615
15842 13913 1859
16082 16348 1906
450 13937 6628
18253 7578 10191
10489 12383 4055
10522 14290 16916
17663 15389 13349
15400 2311 15765
5888 13961 15782
18059 8729 17700
5165 10761 3653
8446 10793 17706
14672 5755 10955
10051 10468 6668
1973 8144 16777
18202 2357 11167
13932 17898 15799
18206 17943 15071
18256 15156 4668
4334 4453 17362
7339 6363 1953
18314 14562 16133
3430 4964 14422
7378 15989 16928
17132 16729 8018
8483 15176 6059
12875 17466 14151
18136 8765 13374
7417 15814 1380
15421 2403 13399
4378 15408 11641
5930 17944 4711
7880 12715 2881
17051 250 11670
14922 13116 11197
3933 14928 16611
12903 17901 5307
13426 17762 16306
17861 13142 17917
14188 13985 15482
17486 17945 17497
9672 17566 16321
15861 1038 8055
4422 746 9204
16363 16742 7569
7918 10825 1428
13453 17844 16149
18065 6403 5349
7956 5796 17933
17869 6443 17489
15442 6998 7607
18259 6483 16165
12447 12742 14174
17776 17191 4754
8520 1846 13817
18141 8801 16790
14213 14584 1476
18146 15427 8092
13480 8837 15500
14944 15832 12071
15880 17767 10224
17065 17474 13424
11177 3712 8129
3978 17573 1524
6667 17928 6708
16380 8873 17919
14695 8181 3698
9707 7616 7184
14238 10501 5391
18151 17580 11227
4466 17930 17371
14263 5837 2000
6262 8218 16336
18262 13499 7223
17955 2449 15816
2021 17041 14197
500 8909 2927
8997 1086 8532
9033 6523 17781
1440 6563 15518
17357 17659 16625
6707 13168 2973
15588 4496 16351
8557 17848 6748
14966 12010 4099
14460 7654 893
16832 7692 4143
7994 17201 7262
14988 17052 12099
4023 14606 17622
7456 16006 11699
13507 16023 15833
7495 17355 17934
5208 14628 8166
17673 17063 15090
12269 2495 16639
17145 10857 17380
12931 17211 17852
8594 17074 17896
11869 9548 13449
3476 7730 16803
13958 12411 6788
17369 8255 13841
13534 7037 10485
17158 10534 9622
16397 12769 15109
18210 16363 17712
10085 3132 17856
11209 3756 9239
16614 14949 17786
8631 16567 17247
18315 15446 1572
11900 7076 13865
14718 17932 9656
15010 3800 17860
17497 17772 17122
2069 300 17505
11931 17934 4187
14288 17221 17257
14313 15465 16366
4510 16893 300
15032 10889 12592
11241 15850 10257
10119 3177 15536
17508 16581 13017
12959 11540 942
13984 15484 16940
9069 9583 16816
11273 16905 350
14484 16917 15128
18295 4539 14932
8668 16040 4231
16100 13194 8568
550 8945 12619
17877 16929 2047
16118 14009 6100
16136 5878 2094
2591 9618 8604
11962 17852 17864
11993 4582 14220
17962 14970 15850
2638 17482 9274
12024 16595 17899
8705 10921 11728
9742 8292 2141
10555 17946 17513
10588 10133 991
16414 12796 17133
17969 10953 17629
8032 7768 12646
17976 2541 15147
15899 1134 17868
14338 17665 17791
18214 12039 16381
18071 14991 15554
17885 5006 5433
15054 17947 5475
18218 17777 6828
14010 12439 17718
2117 14313 17935
15918 17856 15572
600 16378 9724
18316 3222 11257
9777 17860 15166
6747 16223 17796
10621 6603 1620
18297 1893 15185
10654 12823 2188
4068 16609 17636
4554 15503 14243
14741 17671 17144
7534 6643 17872
6303 17364 4275
9105 11205 17521
9141 16755 9758
10687 17490 16181
650 12467 14444
18222 9653 2235
4598 11236 5517
12299 5919 9792
15608 17677 17724
11305 13524 17801
9177 17085 9309
18299 17498 6868
14036 17096 11757
17785 13220 4797
16630 17107 4840
12476 17948 16396
14508 15522 16653
15463 17904 13043
12505 5048 8203
18265 17782 14466
15484 5090 17806
11337 12068 1040
17171 17506 5559
8742 1182 17730
10720 16623 5601
11369 10985 17936
15505 17231 6908
17519 1230 13474
9812 14033 400
7573 17683 17937
7612 13549 17921
6787 7806 14488
15076 16768 17643
4642 3844 4319
5251 4625 16667
18226 5132 3019
16847 5960 16952
6344 7115 12673
8070 17514 13069
17983 2587 14725
6827 12850 5643
10153 14057 17902
6867 795 17267
10187 15196 1089
12329 350 16964
14532 12877 15204
2165 9688 4363
1489 13246 16197
15098 17522 7645
17683 10567 13889
5294 2633 13499
13561 15868 8240
15628 10167 14266
700 3888 14746
15120 12904 14510
17530 16393 17736
12055 1278 15867
2685 17907 6141
15142 14336 12127
13588 16781 15884
17693 11267 17742
16431 6683 12700
2732 15012 17389
17794 7844 11786
5337 15886 15590
18230 17787 9826
18156 8329 15223
18077 17910 14532
10753 14650 16213
750 17792 5685
14764 6001 13913
12987 16239 17650
15648 13272 16976
3522 14359 16411
3568 2679 17811
18268 17797 16681
16862 11298 17938
8108 12097 16426
13615 17118 11287
5972 17689 5727
8146 15216 17277
9213 8981 14952
2779 17373 10517
17079 9017 12727
11401 3267 14767
15164 12495 16988
4686 16255 15242
17381 14382 14788
6385 3312 14554
13015 400 6182
16646 17864 10290
18317 14081 14809
10221 450 14830
14787 17802 17923
18301 1326 13937
18234 10201 8277
17393 14672 17529
16154 16408 17287
8184 14694 10549
16448 12931 8640
8779 17382 13095
17803 12523 1138
2213 14105 11317
17812 4668 12754
10786 8366 17657
18303 5174 3743
12086 17391 14576
6014 3932 15261
800 17241 13961
13642 9053 17748
12534 13574 17155
15937 15541 17905
16877 16941 1668
11433 9089 9344
13669 9723 13121
16662 17251 16829
18161 11570 8314
6907 7154 15608
7651 844 6223
10819 17695 11347
17893 1374 17925
1538 3976 17754
5380 12126 14972
13043 17587 17537
17990 16057 8351
17184 16271 17398
10255 17594 9379
17901 17701 4407
17405 6723 1716
18166 9125 15626
4730 5216 7683
18171 5258 14851
5423 12155 17876
3614 7193 16229
2826 17601 12155
10852 8403 15644
10885 16794 13985
13071 17707 6948
4113 17261 14992
12563 1940 17880
16892 8440 3788
16678 13599 14009
13099 7232 7301
16465 17713 4883
16482 4020 14289
2873 12958 13524
16694 4711 5769
4774 2725 1187
18176 6763 11377
17541 17936 17166
12592 500 17407
3660 15560 4451
5466 5300 14598
12621 16074 12781
13127 17400 3065
15186 16807 13549
9249 15236 15901
8222 4064 15918
12359 11600 8676
2920 7882 3833
4818 16091 3111
18305 7271 15935
15208 11630 11407
16172 17807 15012
850 1987 11815
8260 17949 15280
11465 17409 9414
6056 17950 4926
14810 7920 17939
10918 16423 6264
17417 16287 9449
6947 7310 10323
18181 16438 11844
6426 16108 17416
17552 17129 17000
16190 14405 13147
2967 7958 10986
9285 11660 6988
15230 17868 3878
17909 16125 2282
15668 17812 6305
17917 17951 17940
10951 15033 16695
3014 17608 15952
17925 17938 17941
12117 10600 12183
15688 17913 17908
5509 11017 11437
3061 13298 13574
16208 10235 15299
17997 17872 9484
17197 5342 6346
4862 12184 13599
15252 12985 15318
16499 17140 16709
3706 11690 17927
16907 5384 17760
9321 17719 15032
8816 4108 15969
16710 14716 16842
15708 17817 11873
6987 9161 14033
13696 17271 12211
900 12213 8712
17210 16142 16441
17703 3357 10581
18083 15579 16855
15526 9758 9519
13155 17725 5811
17933 10269 15986
3752 17281 4495
17429 14428 14057
13723 16453 13173
14062 6042 16245
17223 893 16003
18004 17530 450
16922 17731 11902
10289 17615 17297
4906 17291 12239
16516 2771 17307
17441 11049 500
18318 15054 12267
18319 13624 3157
10323 14451 17942
14556 5426 8748
16726 16637 10356
18238 7349 14081
17236 17876 4969
16937 17822 1764
1587 16820 13624
14363 9197 5853
2261 3402 10613
16952 1422 16456
12650 12242 6387
18089 15075 16020
18095 3447 16723
18242 16468 16737
18246 12551 7721
12148 17827 9860
15547 2034 5012
1636 17952 12808
16226 11329 15337
16533 12579 7340
10984 17622 17943
14833 14738 15662