800 3
8 21 15 19
26 16 35 41
31 31 16 36
25 17 49 13
25 9 40 24
13 44 50 23
44 21 50 38
10 29 11 47
2 39 14 31
19 10 11 33
8 47 29 17
3 39 44 25
15 32 47 41
16 20 40 20
34 49 14 50
25 32 21 26
5 20 9 9
43 24 50 9
6 45 19 18
0 27 27 42
41 30 30 28
36 17 50 38
26 23 24 39
3 13 35 35
11 42 24 26
7 17 15 35
30 46 18 33
4 42 19 20
21 13 46 19
49 39 50 50
34 29 9 31
41 42 27 31
42 12 8 42
15 24 36 18
27 42 17 48
28 36 45 44
45 28 27 10
27 28 22 21
5 40 14 48
14 49 18 16
37 11 14 14
44 17 42 50
32 46 22 45
46 20 46 37
47 50 28 17
0 39 29 22
11 25 47 13
39 28 45 16
17 11 45 42
42 12 31 42
16 50 32 47
26 19 34 33
7 11 27 10
18 36 16 27
38 27 36 10
16 30 39 25
21 40 45 45
38 17 27 25
46 17 35 41
15 16 41 48
29 36 25 44
9 25 38 30
7 16 41 11
44 18 37 28
11 26 24 21
40 9 22 13
45 44 18 32
39 21 36 14
37 42 11 23
20 13 36 38
0 40 14 29
1 29 20 13
18 22 18 28
36 40 29 19
22 23 48 18
1 49 47 35
44 40 38 49
33 15 29 18
23 28 38 19
16 35 44 24
42 21 49 32
42 16 14 24
46 44 45 11
34 50 25 21
36 8 50 48
31 26 18 14
37 9 11 49
14 34 19 32
25 8 15 31
23 30 27 48
14 43 49 20
26 24 49 28
23 38 40 25
21 47 30 26
33 24 14 11
25 25 45 34
36 26 14 39
0 48 28 40
24 29 19 39
3 14 35 31
5 28 48 30
28 41 25 43
22 46 11 33
46 12 17 43
31 32 44 40
2 37 39 14
30 43 45 42
16 40 40 39
36 38 35 35
14 34 41 40
43 45 18 10
35 28 24 41
23 40 49 21
42 13 44 35
1 15 27 46
43 45 10 27
4 37 37 23
25 16 15 14
5 18 19 22
35 16 10 46
50 50 25 28
47 14 19 12
22 20 33 9
19 26 37 46
45 25 15 12
4 29 44 9
48 11 49 12
9 44 40 14
5 18 31 13
36 8 36 31
6 25 22 8
3 37 30 36
26 46 44 43
0 35 19 50
12 29 27 41
39 24 36 27
22 29 10 49
29 47 12 34
33 42 44 31
30 29 50 30
40 49 26 37
23 34 23 20
4 27 46 33
46 17 16 48
9 17 9 44
19 38 10 45
32 8 45 14
3 49 11 17
48 25 12 45
50 28 42 18
4 40 38 20
41 28 32 19
32 17 20 34
1 49 50 14
16 33 29 41
26 41 18 14
42 15 39 24
19 37 27 30
21 34 35 32
14 12 19 36
19 22 28 29
42 26 22 25
9 43 49 40
5 35 11 27
10 36 38 19
5 30 17 33
35 40 21 35
0 26 40 12
1 25 11 8
31 12 35 15
49 30 9 29
9 26 19 49
23 38 22 44
39 32 29 10
3 8 45 28
34 39 29 36
41 30 33 20
24 9 33 19
25 47 49 33
22 31 8 50
36 42 19 12
7 33 23 37
9 47 24 22
4 8 46 14
37 16 18 20
8 46 12 41
50 18 12 12
1 24 26 19
13 27 40 26
31 43 9 18
45 30 8 25
32 43 19 40
36 32 29 40
17 40 46 18
11 46 14 11
26 47 10 9
33 40 19 15
4 29 50 14
16 20 48 11
11 31 35 10
11 16 15 41
29 15 17 40
35 45 49 23
48 21 16 34
2 29 38 28
29 23 27 19
6 38 44 50
20 40 15 10
25 44 20 26
8 31 36 30
22 32 13 21
43 41 19 42
46 26 18 11
36 14 25 49
41 37 32 11
19 39 17 11
1 39 49 48
27 31 23 38
41 11 29 11
38 37 48 23
42 30 43 32
26 36 27 44
43 18 17 11
38 47 38 23
12 23 33 48
28 37 13 45
16 12 10 35
3 48 19 30
25 42 8 45
49 17 46 36
29 46 50 46
23 13 18 13
33 40 39 24
47 12 44 41
26 17 48 38
40 39 33 40
49 33 45 39
27 45 25 22
33 47 24 46
26 11 25 41
35 25 39 10
37 13 48 25
10 11 22 50
3 32 18 50
1 27 18 21
11 15 18 27
9 34 15 16
20 38 40 40
0 13 29 10
27 40 44 13
10 16 23 27
17 21 34 16
2 39 13 24
1 22 42 23
43 34 35 19
39 21 14 33
23 13 33 23
12 46 48 35
14 14 10 30
29 50 26 26
37 44 29 14
28 15 41 24
2 47 17 47
27 21 10 35
50 34 44 9
5 30 13 50
13 17 43 20
12 33 24 38
15 25 39 20
44 11 14 43
18 34 42 36
17 26 40 40
16 25 28 29
16 21 42 16
31 33 37 50
16 33 18 15
28 24 28 30
39 14 43 38
49 22 21 16
33 37 22 38
47 19 31 49
11 16 50 20
37 35 38 26
6 48 30 38
37 21 25 33
28 33 12 47
11 35 31 43
5 48 31 26
31 27 29 22
44 48 44 24
1 39 49 20
25 34 26 25
24 38 47 16
29 48 25 40
0 27 14 11
29 23 31 16
5 23 24 17
13 15 15 36
18 20 48 44
6 18 34 32
13 17 12 9
9 23 47 26
10 39 23 31
9 13 18 38
48 11 21 45
42 24 42 23
45 33 30 23
42 11 30 41
28 35 24 40
37 21 48 37
13 50 26 23
7 34 50 41
46 8 37 47
14 19 42 10
3 41 35 11
36 25 31 14
15 38 40 32
21 17 16 8
27 48 16 25
37 10 40 31
39 50 34 32
43 8 15 39
20 29 35 30
28 16 21 25
50 28 21 15
4 41 38 11
50 31 20 8
26 25 40 25
38 44 40 13
1 26 14 13
22 33 29 50
39 36 16 17
28 36 46 47
43 17 36 43
15 48 31 31
33 11 18 37
19 17 34 20
24 38 30 17
17 22 19 38
46 18 21 32
43 39 33 29
34 50 35 27
50 37 28 35
3 16 26 20
20 29 32 8
45 47 17 23
1 46 16 28
30 24 20 40
4 37 13 47
47 49 46 14
42 47 20 29
46 50 43 42
19 46 22 44
22 43 28 16
20 29 21 38
5 25 30 36
35 14 15 14
4 22 49 23
43 50 48 28
41 32 12 38
42 46 12 47
20 21 22 29
26 48 22 35
17 25 45 39
13 35 42 26
42 35 24 32
39 41 32 39
32 47 21 44
12 27 35 43
42 50 24 13
31 9 31 30
49 38 24 38
36 28 28 31
22 46 49 38
24 39 29 26
25 37 21 14
2 31 11 11
18 39 32 45
37 28 19 27
12 11 23 39
45 43 34 12
38 18 16 50
29 17 14 50
19 11 44 12
46 16 46 37
47 43 17 10
41 8 45 19
14 29 46 29
13 49 34 44
48 14 35 10
37 37 35 47
9 10 34 8
23 42 17 36
6 35 11 23
38 19 46 35
12 49 42 15
42 43 24 26
24 26 13 32
15 9 17 8
36 17 46 12
31 17 44 26
48 23 37 12
34 22 38 16
44 28 28 24
40 35 33 16
32 14 35 45
38 13 37 47
21 50 31 22
8 17 46 40
38 25 45 50
7 18 28 19
17 32 49 22
24 34 25 18
30 8 41 21
41 13 23 32
9 8 37 40
22 36 22 22
15 16 35 21
21 12 40 13
31 11 45 13
16 12 8 29
28 47 42 30
23 21 42 46
3 12 25 47
37 15 44 19
18 23 18 11
37 45 50 39
26 37 21 34
9 10 37 39
13 42 38 28
32 49 45 42
34 36 12 26
8 10 47 10
15 50 45 34
50 12 31 49
6 20 13 29
44 28 49 24
46 37 11 31
8 32 44 18
24 28 49 50
13 10 8 14
19 50 11 15
17 23 46 42
40 24 39 11
14 10 40 25
28 10 27 33
31 8 22 33
12 11 24 20
10 24 47 26
29 48 25 38
43 9 8 21
41 15 17 35
48 12 37 28
27 38 9 11
4 15 13 31
22 31 41 32
33 23 40 45
48 24 16 39
34 36 44 44
10 27 27 19
11 50 35 46
44 46 20 29
23 39 40 32
14 43 8 24
16 8 40 40
41 9 10 41
43 27 9 26
13 18 40 18
35 29 26 31
22 11 14 13
44 17 14 45
36 30 15 41
30 40 27 20
40 47 18 14
2 38 36 23
33 23 14 14
41 40 43 38
30 50 18 29
31 12 15 33
18 49 37 38
27 46 39 13
44 23 14 28
30 14 12 9
34 50 24 13
35 43 48 24
14 50 37 46
11 8 20 35
21 9 33 50
23 42 13 25
36 50 20 38
3 33 34 40
29 27 24 38
6 14 22 16
15 32 24 15
33 8 43 21
15 47 36 32
49 43 50 44
19 42 27 43
17 29 35 37
12 48 20 37
19 35 33 19
2 49 47 26
6 16 33 8
12 26 33 39
20 38 42 29
33 20 16 37
11 45 17 22
15 32 32 8
13 31 35 22
22 47 38 11
4 43 38 21
38 46 45 29
18 37 14 49
26 22 47 50
29 8 35 11
2 22 10 33
39 50 26 47
16 26 19 45
45 40 17 16
29 44 31 22
44 37 12 28
8 39 21 34
0 30 20 35
17 49 27 11
8 16 38 45
21 37 10 25
28 45 49 45
44 9 47 15
31 49 13 40
46 15 48 18
0 13 47 34
25 18 22 47
43 12 47 24
41 19 39 17
32 32 30 29
12 40 11 12
36 46 38 35
23 16 16 50
32 25 49 37
17 48 16 41
38 32 21 22
7 33 45 37
26 27 37 25
13 47 40 9
27 19 26 44
22 24 35 26
20 23 26 45
22 19 37 31
39 10 29 38
2 26 24 40
26 21 38 28
5 37 20 14
37 44 18 19
26 15 27 10
27 44 15 32
10 13 20 19
42 13 44 24
39 24 20 47
11 15 10 34
46 28 11 33
25 26 46 16
39 22 29 42
30 45 42 16
42 34 20 8
13 33 21 16
34 41 30 42
33 26 16 25
33 48 39 49
39 24 33 49
12 37 21 18
23 29 22 24
11 15 27 22
40 10 28 33
38 38 44 28
9 18 18 29
44 25 49 34
36 32 48 41
41 17 31 29
26 11 41 31
44 41 29 23
20 35 41 35
49 14 31 48
5 40 22 50
17 31 9 28
8 49 12 8
50 33 29 14
34 21 27 36
21 24 23 40
44 33 31 9
16 28 22 39
37 15 33 47
47 12 47 13
48 18 21 14
23 10 19 26
8 28 33 28
2 33 17 24
43 8 21 30
48 47 38 23
0 19 11 27
28 14 15 33
0 49 21 38
31 21 38 32
45 50 35 42
42 14 16 45
16 38 31 50
34 43 38 25
36 33 11 41
43 12 45 8
26 38 27 9
16 40 45 39
35 49 25 12
45 10 17 20
15 9 9 43
8 32 28 36
8 16 42 24
15 24 35 10
41 18 18 47
32 19 48 37
4 44 11 14
15 45 8 38
8 50 23 32
10 29 20 10
49 38 30 48
30 31 42 8
13 27 38 38
19 34 44 8
20 17 15 26
0 44 34 31
3 24 33 41
15 26 11 46
16 48 13 28
48 48 35 41
32 24 45 36
15 18 45 12
40 44 49 23
28 32 32 19
22 42 13 45
44 8 13 38
12 19 25 10
28 8 40 45
13 32 40 44
17 40 9 33
5 39 49 25
44 9 50 50
40 38 25 46
34 15 36 40
21 16 18 31
38 39 19 19
36 10 8 22
18 30 42 39
3 17 41 28
39 46 23 20
14 17 36 28
14 39 48 26
7 42 23 47
29 24 10 47
21 11 45 39
47 19 24 29
13 20 43 34
3 44 26 25
4 33 39 49
27 21 14 8
10 18 9 37
22 41 40 30
28 15 26 18
10 26 13 47
31 20 35 9
33 50 48 50
19 16 45 19
47 18 45 18
46 43 32 28
50 33 43 46
50 16 12 34
12 41 46 28
24 39 45 25
33 31 49 35
24 30 40 50
27 22 44 17
45 47 35 32
26 48 10 44
32 12 30 11
14 16 33 30
7 18 13 32
33 14 39 18
32 45 46 38
32 35 19 42
20 39 42 43
10 16 17 37
44 22 19 10
50 18 35 32
10 11 12 49
11 41 48 16
41 32 32 16
48 18 26 17
15 29 38 50
37 49 32 43
19 26 41 42
21 21 22 43
38 41 48 47
8 39 26 8
2 19 37 12
29 34 12 29
37 18 41 25
36 39 30 9
18 44 27 13
46 38 37 14
32 8 43 31
1 29 33 25
5 17 37 44
4 43 32 8
29 33 21 49
9 19 32 42
47 11 32 24
38 43 31 9
7 19 15 45
21 10 12 28
2 43 44 22
25 28 34 8
12 26 21 31
48 16 40 40
36 33 33 23
5 14 16 46
38 40 39 17
4 25 23 27
37 22 20 32
18 26 21 34
44 36 46 46
36 13 26 42
19 39 39 8
10 11 42 24
41 17 42 46
0 16 12 28
34 29 33 38
39 40 38 39
13 36 19 17
27 47 50 24
6 40 49 42
31 33 19 31
26 12 45 36
34 12 9 38
21 48 14 37
28 48 31 17
15 50 9 50
41 44 8 30
12 16 17 24
32 24 29 29
39 28 9 23
25 34 15 42
30 31 20 11
0 19 14 29
22 44 50 20
20 20 49 36
46 26 36 8
3 26 12 12
44 32 19 25
7 27 36 11
16 22 27 50
25 20 11 25
40 32 20 47
24 46 14 20
14 10 22 20
23 19 42 50
4 45 41 48
14 14 25 48
1 12 38 25
18 38 31 23
5 17 49 17
21 44 10 9
39 36 21 21
21 45 10 36
15 42 11 32
10 29 27 23
20 29 38 49
26 44 48 29
30 11 30 49
38 38 32 27
37 24 27 47
5 17 22 49
5 37 9 36
41 18 9 32
29 46 14 42
17 35 27 24
13 11 50 37
36 36 13 34
27 18 23 24
5 40 10 43
4 17 42 32
12 45 43 31
0 50 49 49
24 37 31 24
23 19 21 48
21 25 25 18
6 44 50 39
24 17 17 24
39 24 45 41
14 33 19 25
14 24 8 19
31 10 11 23
18 46 18 20
2 15 48 40
