23394
19324 21723 20603
21206 12246 7357
14675 21467 11494
20679 997 22255
22964 8655 18472
5486 47 19072
19345 97 9838
15468 22753 2807
9262 21993 14537
22804 22764 13176
2996 15780 21290
9301 5883 17822
14003 3231 7398
19702 8695 20183
1250 22007 50
14035 19374 17276
19722 23154 23089
18118 147 23098
4856 20237 21002
16667 16694 6559
15078 15360 16307
20696 197 9876
18694 18157 9097
22116 12281 12070
7140 18181 17302
20713 21738 12105
3936 20712 13209
7182 20256 20203
22129 3795 20622
9340 247 100
15497 23163 14568
7224 16667 14599
22311 23298 6601
18142 11742 21020
7266 21144 2183
11773 4623 5340
16135 16721 22909
16163 18912 19931
8262 22021 2231
1299 20730 21511
22551 22035 21919
20730 7281 150
3982 18934 4485
19742 3841 10902
50 16331 21307
9379 15809 19601
17643 3278 22268
16191 4668 21527
22562 4713 6643
22323 14740 6685
100 14260 2854
19942 13226 13275
22573 16748 22919
11809 21483 16979
16694 11778 22929
15108 9655 17847
8302 4758 4530
20747 16775 17872
20764 12316 7439
21222 8163 2279
11845 17732 5384
17668 10162 15219
21238 8204 22656
20265 11113 16335
17045 18205 19952
22973 18956 22281
5530 20748 13737
19366 11814 21933
7308 22775 19095
22142 11850 9914
8342 22049 15669
15526 19857 22294
19016 20766 16363
8382 15838 20641
18717 2271 21038
1348 3325 12140
8422 10239 1350
21622 15867 21056
16219 10277 20660
12277 5927 18496
19387 1046 13769
21254 22063 18520
5574 4803 22667
150 17757 19973
23072 297 2327
17071 20784 21947
22982 22786 1399
12767 20275 13801
23080 21753 14630
15138 16802 2375
6366 1095 20223
18166 1144 16391
10198 8735 17897
3043 15390 17328
18190 22077 22678
17693 4848 12665
17097 22091 9136
2132 16359 8177
15555 20294 9175
21892 12351 14661
16247 2319 15249
7770 17782 6000
4028 22797 13242
22335 21161 6043
14067 5971 8217
10996 9694 21961
6409 4893 6727
8462 8775 9214
10236 12386 12175
12801 8245 8297
4901 20802 22939
16275 18229 7480
8502 1193 19994
22155 6015 12210
21637 16829 3841
4946 22984 17006
11033 11150 19118
21270 21768 21975
20283 20313 19623
21286 22994 3887
200 17807 16419
21906 20332 22476
19762 13600 23107
17123 11187 3933
17718 21783 22488
15584 6059 23116
22584 1242 22500
5618 8815 21989
20301 14771 22307
23088 11886 14692
17743 18978 23224
11070 15420 11530
4074 6103 6172
12312 20351 0
15613 16856 7521
18214 11922 17033
15642 23004 1448
3090 22537 12734
7350 6147 14723
15671 347 15279
1397 17342 10939
12835 18613 20243
16721 3887 13308
20781 21499 2423
20798 23172 5428
10274 23014 4575
23096 4938 22003
1446 22808 21324
17768 22549 4620
16303 7323 21074
8542 10315 20263
16331 14292 20679
20815 19877 12768
1495 397 22017
13277 15896 7562
7811 20820 22031
21652 9733 18544
11107 16883 15309
12869 12421 13833
22347 20370 11566
19038 16387 15698
17149 19000 17922
6452 1291 8257
12347 22819 17060
11881 10353 20698
15168 21178 13341
8582 19395 12245
17175 8855 22512
17793 22830 23232
22359 12456 21799
15198 23181 15727
17201 20389 1497
10312 19022 5472
14099 15925 22949
23104 4983 16447
9418 15954 11602
15228 13633 20283
22991 13666 20717
3137 1340 13374
14706 23306 200
7392 20408 22524
13310 18636 10976
3184 18253 19645
23112 3933 22045
21302 20838 20303
4120 22561 7603
20319 22573 22536
18238 17368 20736
16748 8895 17354
6495 23190 21092
15258 23314 17947
6538 20427 8337
14131 15983 8377
8622 3979 21110
4166 22105 22689
3231 23024 23125
8662 20446 21814
15700 447 22059
19782 2367 22700
14737 12491 22959
21318 21798 7644
21667 21195 8417
4991 1389 19141
19408 21515 12802
15729 10391 16475
18740 16910 20755
10350 6191 250
8702 21813 22969
5662 19897 17380
14768 11958 15339
14163 22329 20015
7852 20465 6769
17227 20856 22711
21920 17832 1546
11144 14324 22722
9457 21212 22733
9496 1438 2471
14799 18659 9952
22595 16012 22744
11181 2415 19164
15288 6851 13865
11917 16937 5516
20337 21229 22755
3278 10429 19187
18763 13699 2519
11218 22342 4665
22371 23034 12280
2180 20484 15369
7434 23322 4710
20832 4025 11638
4212 497 3979
22168 20874 22320
8742 9772 18568
22383 6235 7685
20849 2463 9990
9535 13732 8457
13343 5028 9253
5036 17857 19667
3325 18277 4025
22606 17882 7726
17818 9811 22979
22181 2511 17972
22617 19044 300
14195 20892 350
16775 20910 20036
21682 20928 17087
12903 21828 21543
10388 8935 8497
22194 16041 22989
8782 6279 22333
21334 18682 17114
19429 13260 21559
9574 22355 18592
19060 7365 19210
12937 12526 20774
19450 22119 13407
22207 13765 19233
4258 2559 12315
21934 23044 15399
250 17394 17432
5706 16070 22073
21697 8286 18616
3372 21246 2901
19471 23054 12350
12971 6323 23134
15318 22368 400
20866 6894 20323
13376 18301 10028
17843 9850 20343
22628 22133 6086
13005 7407 11674
17253 8975 8537
17868 16415 15756
19492 7449 21575
13409 11224 450
13442 20946 21829
18262 16443 15429
21948 6937 10066
19082 19416 21591
11255 19066 10104
19961 14802 1595
21350 547 20363
12382 10467 17406
2228 15450 10142
19513 17907 13440
13475 22585 2948
12417 14833 6129
2276 14864 17458
16802 16099 19689
2324 6367 18640
9613 1487 20383
13039 17420 17997
10426 3372 21607
2372 17932 8577
16829 22147 22766
18786 14895 21623
18809 18325 21341
21712 21843 11710
19802 2607 5560
20355 13294 13897
20883 22597 23143
18832 3419 17484
9652 18705 14754
22220 20964 10180
22639 19437 4755
18286 7491 19256
13508 15480 19279
22650 15510 7767
12452 18349 8617
19534 2655 11013
300 17446 19302
13073 597 7808
23120 11261 2995
19980 7533 22999
7893 12561 22777
17893 14926 22087
10464 9015 13929
20900 21531 23240
2420 21547 18022
22814 9055 14785
350 13328 13961
23128 21858 9292
15758 12596 15459
21366 19458 18047
16359 19479 21844
7934 10505 22788
14830 19917 23248
17918 9095 18072
5750 9135 22346
17279 22161 22359
13541 16128 500
11953 21563 21358
11989 4071 3042
20917 11994 6215
2468 14957 14816
22661 20982 11050
20934 13362 20403
10502 15540 21375
19104 20503 10218
20373 19500 13993
9691 13798 15785
400 12631 17141
11292 16471 12385
21382 17472 20423
15787 14356 23256
3419 21263 19325
4304 21579 16503
18310 19937 8657
11329 22381 3089
1544 4117 22101
3466 19957 15814
450 6980 6811
4350 19088 5604
6581 16499 21639
15816 19521 10256
17943 15570 11746
21962 21873 22115
19126 1536 19348
500 2703 16531
14227 22609 10294
4396 22621 3136
19555 19110 15843
2516 19132 12420
17968 5073 9331
12487 7575 17510
12522 18373 14025
7975 14388 9370
3513 19542 5648
16856 12666 6258
550 18397 22372
23000 14988 15489
10540 18421 10332
16387 16527 14847
4442 1585 10370
9730 16157 17536
11366 19563 22129
14861 22841 22799
9769 14420 4800
16415 20522 17168
22672 18728 9409
6624 13396 22548
20391 21595 550
20951 22175 600
22683 6411 22560
21398 4163 11087
6667 21280 23009
23136 5118 20793
15845 4209 15901
1593 13430 5692
21976 12701 23019
11403 12736 3183
22824 13464 23264
7476 21297 11782
12557 22852 19371
19999 4255 12455
1642 7617 21859
6710 18445 17562
17305 22394 14057
23009 21314 23272
20968 4301 22572
20985 6455 17588
18855 11298 22584
19148 10543 21655
16443 16555 18664
12592 13831 21671
21990 12771 4845
22233 11335 3230
600 15019 19711
21002 4347 8697
17993 5163 650
20409 16583 20812
14259 1634 19733
13107 17957 21128
23144 8327 20057
22246 18751 14089
23152 11372 8737
12025 19154 19755
21414 12806 20078
22395 9175 22411
22694 5208 22385
22407 23330 15872
3560 7659 15519
19576 7701 4071
22419 17982 3277
21727 6499 20831
18878 21000 22810
5081 647 9448
11440 19584 12836
22834 11409 9487
7518 10581 16559
1691 5253 6853
12061 22633 17614
22844 3466 23029
650 5298 12870
22431 15050 1644
19822 22407 15930
16471 1683 18688
11477 22863 14878
14291 6543 21146
16499 1732 700
22854 23338 22143
700 22874 21874
18901 4393 6895
18334 9889 22821
22864 9215 18097
22874 16964 13473
23160 19176 13506
22705 18469 20443
18358 3513 17640
2564 18007 10408
23018 23346 20099
21742 21331 12490
22443 11446 16587
10578 23199 22832
21757 22420 14909
14892 8368 14121
18924 9255 4890
18382 21611 9526
12097 6587 5736
16883 16991 20850
750 12841 4117
4488 19977 15959
9808 9295 14153
6753 23354 18712
23168 9335 8777
23027 23064 7849
16910 23208 17666
20427 9375 21164
15874 17498 14940
22716 22189 22398
21019 22203 4935
15348 21888 7890
8822 17018 20463
3607 21018 22157
10616 12030 19394
18947 22217 22171
8862 7023 10446
800 21036 15988
22455 21903 13539
1740 11483 10484
4534 9928 22424
18970 22231 16615
22004 22645 23152
850 18493 22437
6796 2751 18736
900 11520 4163
23176 19997 12525
23036 13864 750
7560 22433 18122
950 20017 10522
13574 13498 8817
16937 18517 10560
22018 19198 21687
14323 18541 21889
23184 7066 20120
3654 12066 14185
6839 697 5780
7602 17045 6301
15903 12876 11124
2612 20037 11161
12627 13897 20869
1789 3560 17692
21430 13930 23280
17331 13963 9565
10654 7743 16017
19842 21627 11198
5126 21348 19777
14355 14452 23288
14923 12911 19799
3701 10619 22843
6882 10657 20141
4580 5343 16046
11514 22245 1693
19170 3607 800
23192 12946 22854
19192 23074 13572
1000 17524 3324
17357 20541 4980
8902 21365 21703
5794 15081 19821
11551 22657 16643
9847 19605 12904
15378 20057 12560
1838 17072 22865
21446 10695 5025
11588 23084 18147
5171 1781 5070
23045 3654 21904
1887 22446 8857
21772 2799 21182
22259 0 12938
20445 19220 3371
22467 3701 18760
20018 9967 21392
14387 15600 16075
8942 22885 22596
4626 10733 12595
21462 21643 850
18018 1830 11235
2660 21659 7931
14419 19626 19843
13607 5388 11272
16964 11557 18172
3748 9415 23161
20037 17550 5824
18406 12981 17718
18993 17576 5115
20056 11594 14971
22884 16186 10598
17383 18565 8897
19597 10771 16671
11625 20077 22185
5838 21054 20888
21787 17099 23039
5882 21918 14217
22272 20097 20907
22285 6631 18784
18430 20117 3418
21802 23094 12972
16527 22896 13605
17409 4439 21719
19214 16215 6937
5216 7785 21735
13141 20137 23296
13640 19647 21751
8016 15630 6979
17435 21675 18197
2708 10006 1742
18454 13996 1791
11662 19668 21200
15932 19242 18808
21817 17126 19865
22894 16611 13638
10692 6675 16699
20463 21072 16104
18043 1879 13006
14451 2847 7972
21036 15112 16133
22727 8409 15002
8057 16244 19417
12662 8450 12699
22032 15143 2567
8982 19264 900
14954 23217 16727
1936 22669 23304
13673 16273 22199
19618 17153 11818
18478 18774 8937
13706 15174 23170
16555 19286 9604
21832 14029 3465
22479 3748 22450
20481 19689 22213
22904 20560 17744
16583 14062 16755
13739 21382 18832
23200 19710 15549
3795 10809 19440
20075 22907 17195
22046 21933 13671
1985 19731 10636
19639 10847 14249
1050 13016 7021
22060 21691 5160
10730 15205 950
6925 10885 18222
13772 22918 8013
22491 5433 23312
10768 17180 23179
9022 5478 9643
2034 18032 22608
22914 21399 20483
23054 23226 6344
14483 16639 11854
21478 7827 18856
18502 13051 23049
20499 21090 3512
20094 2895 11309
5926 22929 22227
5261 23362 10674
1100 18797 14281
15961 20157 23059
10806 15660 2615
14985 7869 23320
16991 10923 10712
13175 6719 23328
21053 21948 17770
5970 13532 15033
18526 14095 8054
17461 22940 4209
2756 22459 16783
2804 13086 8095
18550 5523 11890
20517 5568 22620
6014 1928 19463
14515 14548 20926
7644 22472 5205
23208 22485 10750
20113 18057 23069
23216 9455 5250
14547 9495 5868
9062 23235 13704
9886 1977 18247
23063 747 1000
10844 18082 4255
21847 12102 8977
21494 21108 15064
9925 20579 20945
22924 23370 19887
15408 7911 9682
21070 8491 16811
4672 18820 20503
21087 12138 16839
9964 2943 17796
7686 18843 3559
18574 23104 3606
22738 5613 9721
20132 18589 16162
19862 7109 13040
6058 17602 18272
13805 10045 1840
19660 22259 23336
20535 23244 11346
8098 9535 15579
21862 17628 21218
17487 22498 3653
19882 13121 23188
1150 2991 1050
21510 5658 20964
20553 5703 21236
6968 14484 16867
13838 7152 4301
21526 22681 13074
8139 4485 16895
10003 5748 18297
15016 2026 12630
15438 9575 1100
19236 6763 21409
3842 13156 14313
2852 23114 5912
22503 15690 22876
21542 14128 15609
20571 22511 14345
22074 10084 21254
5306 4531 10788
12697 20598 7063
10042 7953 6387
21558 21416 11383
19258 20617 23079
20589 13191 14377
22749 22693 1889
8180 3039 21767
14579 14516 21783
20607 17654 21426
15990 10961 1150
2083 14580 6430
17513 8532 7105
19681 19308 6473
8221 3087 3700
10081 17680 23344
20151 11631 22632
13209 22705 16191
20625 8573 18322
10120 15720 23197
6102 17207 22463
10882 11668 22241
23224 7195 15095
16019 14161 18347
21104 11705 5956
7011 14612 23352
13871 19752 1938
20170 14644 7147
22760 14676 18880
7054 15236 23206
20189 21963 5295
22934 22717 16923
7097 6807 19909
16611 13566 23360
17539 19773 15126
21574 9615 9017
13904 14194 19486
22088 21707 4347
9102 10123 21443
18068 18866 17222
19280 20177 14409
17565 19794 13108
12133 4577 4393
22298 17706 7189
10159 10200 23368
22771 7995 18904
21121 8037 4439
21590 22729 16951
16048 14227 10826
9142 10999 9760
12169 20636 21460
3889 797 18928
9182 2075 7231
13937 20655 15157
22515 5793 11926
22527 23253 10864
2900 22273 11420
2948 15267 21477
1200 23262 1250
6146 23378 15639
21606 21433 18952
18598 16302 16220
16639 23271 19509
13243 21978 7273
15047 20197 22887
20208 22287 16249
6190 847 20523
19902 2124 11962
17591 12174 23376
17617 22741 22644
14611 20674 18372
17018 12210 22898
19302 17234 1200
19922 22951 18397
14643 20217 3747
4718 22301 20543
22944 19330 20563
20227 8079 1300
5351 8614 2663
22102 18107 2711
22539 11037 18422
10920 15298 19532
21138 2173 21494
6234 23124 23215
12205 19815 20162
5396 23134 11998
7728 22962 14441
16077 17261 19555
16106 11075 1987
6278 3135 16278
22782 15750 2036
10958 14708 17249
18622 17288 3794
21155 19352 2085
11699 23280 12034
20643 23289 14473
4764 22315 7315
12732 17315 18976
22793 897 11457
12241 22524 13142
20661 18889 19000
9222 23144 6516
21172 8121 14505
5441 7238 15188
0 2222 2134
11736 15329 19024
20246 19836 2759
18093 18132 21272
6322 947 9799
21189 21450 19048
18646 5838 8136
13970 20693 18447
18670 23386 20983
22954 22973 19578
4810 21126 20583
21877 3183 9057